204132514451541021635355222164612624124306236535614466045433206401653316326456543244633166054246254110046254042331460406302541144140423041645061626023245532103265602622150121551423164115156320340153646126164320311433452546016324446063144221236
305322246406453626055064300146330243304361246355614466245433206401653316366356543264613166654556264110046254042331460406302541144140403023664643222222151432103265602622150141510455062466101451125615123126164320311433452546016324443063144204104
453055605334254415643160262160322220004014661656564651555433405266055226366456563644433166054246254045431254042331440406362541144140423041605061663426560213555635346333044633351144203360510424142415613243264320311433452506026324443066144606110
645631424405453646440160260160362250045254021545614156045533206401655316366456563244233166054246254041431254042310616206302564144140403041605061626023246444545433344115046624550224234251510444142412653243226365314621632225101013646435002650064
360214424244366161655064300160312252445256021555614466045433206401653310366306543264433466053252404045431536142411460406302461144140423041645061626024203344541423310663065454116455354560510451125315113643226065306523035543015160550361266603506
405050424456453646055064300146330243304461246355462366045433503404635316366466563244233403351352424045435255330630204152113141144140403043626061626423246440055423344112046644516453150336411451622615123143222365614021652135132240550361266650013
153635424406253061462165126201131045304361246631614466035433203401653306340532426653654421054246254345431223045333204252302241144110424041645061656023245444045423341112462644115255354510510413434615124166164365511321452265114012263360502234310
453635424606353064620060402160335451206314246631114566035433203401653306340532443254433416053252504113046352055333204351313161144132403043626061626423246440045423341112462644110455154560415450144415613243224356142620635626003012263302554610064
455631064256241245646060212160322620056400454350462261245643203401650315500532426653663466053252204113046654055333204352313141142141403041626061626623246440045033344112462243115255554511516461114025125220126365613624635610030013603265026564310
352030424256261644640060262160333420056431246354064261255643203401650315500532426050654416053252150113046654055333204352313121142141403040226061025623645444054433310142252644354423154511515460134415613246224356136046452265114012203265005234556
352631021256253244640060262160333420056131246354064366033431203401653306341032406653654421053252404112046652050333205252312141142141403046306061626023245444554133331112452644112453354310510413414414613243216465613321452236612012260266044306340
352631024256235224640060202140322620056315256352614261603431203402653306340502420050654422053252104313045654055333204252313126642041403031626061626021245444045425246132452624112255354511530310033414123143221345563321535662036324363365006644302
352631024256253254640060222161333420056131256410164152033433252401635062360532420053655466003256404113046652055333255252313111141141403041606021526643246444035443216112446643112255352011210461435115122143225365460001612133502042200266351116310
356030424256251244661060202160333025216311256354064566033236254601631262360535422056655466053252405161043454055333205263313101141141403031626061626243644444035431310152452642112223152365530451414446420166214461611433035264054424350345254614314
352630014256253154630065262360333020056131651354066362225626252401035266360432420050654216653252150113543654055633205252313121361110203440632061626021242444054431313152402642112255344511230451414441113243214361641331032665211012665466151606315
352631054256253254641066262160336424256131651352610211645631254601631202520532420056654216053252405113144650055333205252313121361110403441626061626021245444064401313152446623350441152335215115135615122143223365061333305661050015265661144616315
652631026256251254650030262160333420251131256352614236033453252601035266360532010050635416650252150313043654052353245256313101141141403030606064606021245464064401313152446621350441152335215115135615613166162365466431632535432012255306145606314
654131024253233254600060260610314420251131651354064466633236254601635466360532010050634216653254150113046056055333344252313121363150403441626064606021265064044403313152446623350441152135516451424412613613215116140431452655061615265661134644510
654631024253333254600030262110313420251131256352044526053236254661635266360532010050654216053251250113043650051333226252313121331114401034346061653021243444054401530152446621350441152331540451114441420112223361466431632235211443265265225606515
654635023453233254650060263660333120251134256352444526053236254601635266360533412056654216053252656053043052055633265252313121361114401034346061666051245454054301330152446623350441152335530451135615613166462365466431640133153213261412144604313
654331021256233254656060255613313120251131651334066566233236254601635466360542410056154256053252656353046052055633265252313121363141403060656054226021244464654401330152446621350441152331545135165615655336246365415336632635441012255105151656314
656631024253333254650060263610116421251131656352614260033636254600635466360632030050664256256252255311055654055635503252313102363114401034305061666051245450054541350155455624354113152331515115155641420116226365156465612233504012265416155606314
652631026253253254650060263610313120251134256352614260034636254601635460350632110055654113650252656353045052055633223252213101363044101032632061666050245264664401350152446623350445152316215155112661550113224165466444632533115453265264143616314
654635024250233254650060263610263120251134250354066566033636254600635446360632011056654216051252256353045654055633264252313101363046401032602051666052245454334404350152446656150441152336260155165615613616246365615003612133315561321366425606515
654631224203633254350062260650316120251634056354613563053631254600655466360602410056653214650252655353066032055633265252213601363555303232626021653052245454334424360155446656150441152336216155165615510116513361410400654633112253265435155106414
654634254253233254650065360650316120256134253352613261033636254600635406360632410056653214650252655353046131055633265252213101363041001634626021653052215464304404350155446656150441152336216652165655510110222662460633615535211441355636344606316
654635224253233254350160360650616120256134652352613261033636254600655466360631610050654216051252256353046032055633265252213102353146403230626021653052205454334420350155446656150441152336215155165615653616222662536460650235062041162636323606514
654631224253233254353060613610310010256134156352614560053636254600655466360032110052654216050250656656063654055035215252113102353144401034632061664052245454453420354152146655150441152331245155165615610116224462460533612506365052265436455656412
654631224253030254350060213610164120253634056354611560633636254660655466360331011051654213051252256656063055155633265252213102353146403030623021653051045154453424350155446656150445156536015155166615652110222662460400254645431052166466044604006
653633224253633253350064163610110120256131256352313563053036254630655466365631411050654216050252256353054430055633263252303150353145401034256066655052245454434424356156146652150441152336015355106655652236246365156460604531412151365436455656314
