10 -109.58 -7.08 006265255611242304516430651305412265445214254316404123060050646262255550612641625043460533126566624146652626306660535462153654031150631562324216040215613262661411446035230466615515342215332326445053626160443120104221022565544061104506124636263
20 -82.39 0.60 006260255611222104516431651305412265445264254316404163060050642262255550612641625033460533126666224146652626306660535462163652031156631562324216040215613262661411336135230466615515342215332323445053626160443120104221022565543061104506124632263
30 -88.08 -5.56 006260256611222104516431651305412265445264254316404463060056642262255550612641625033460533026666624146652624306660535462163652031156631564324216040215613264661411330135230466615315542215332323445063626150413150106221022565543261104506524632253
40 -64.24 -3.56 003265255611242104416431651305412265445264254314404113060050646262261550612631623043460523126166624146652620336660435466153654331150431562334216050225613266666411546035430466515515342215332326245053026165443620104221022565544061104506124666263
50 -60.94 4.40 006265255611242404416631651305412265445264254314405123061054446052251550612631623043460113126166644442652662356666535464153653031150631562321216050225613263666411346035230466515515342200362326445052426160443320204221022565544061104506124661263
60 -47.45 3.40 006265255611212104416432651305412263445264254614434123060050626262251550612631623345460521422156624145652620306660535464153654034150131661334616050225613263661416346135230466415115246213332326445053426130453120104221323166544061104506624636263
70 -46.72 4.60 006265255614212104416432651305452165442264254314404124060050646262251550612631623045460501126164624145652623305160535464153654030150631661334616050225613263661211346135230462415115246213332326445053426130453120104221322166504061104506624636263
80 -46.05 4.00 606265155611212604616432452305412263405204254314434553060050646662251553612633623043260421126166624145652620306625512464153654030153635661334016450425613263661411340115230464415015246515332326444653436130443410104221222126544061104506624636263
90 -36.50 4.80 602265254611212604416432451305412266405464254314434523060050646262251550612633623043460421126166624145652220305625242464153054030150631351334016450225613263361415140515450466215015246515332326444003436130443110104221022126544061104506654636163
100 -33.62 3.60 001265255614212104416432051305450265432264254314434023060050602262251550612331623045461121123164524145652620306660565464143650033160634661334616056225610265661461346135230466445115246213332326445053426133453120104221342166444061104506621631263
110 -24.21 4.60 602265254611252604403430451302412266405463254114434523060050646262251550642633643043460421526166624145652220305625242464153054330156631351334016450225613263361415140515450466215015246115332326444023436130443112104221022125344061104506654636163
120 -24.88 5.40 602265254614252604616430451302412266405463654314434543060250646262251550662633623043460421103166624445625220305425242464150054330156631351334016454225613263361405140515450466215215242115332320441003136130423110104251022126543061124506654636163
130 -27.62 5.40 602265254211052600433430451302412266405463254314434523660050644262251553642633643143460421126166626345652220305625242464150054330556531321334016450225613363351415140515150466215015246115332326445023436130443112104221026126344061104566624636143
140 -19.17 5.60 602265224614252604616430451302412266405463254314434533060450646262451450642333625043461461126366624145655220316655242464150054330156636351334026456205613266331435140515450466235015246115262326424003436130543110104221022626544261304506654636163
150 -21.31 6.80 602265224614256204616430451302412266405413252314434533050450646262451450642333625043460461626366624145666220316655242664150054330156636351334026456205611263331435140515453466235415246115262326444003436130543110104221025626543261404506654636163
160 -20.45 6.80 602265224314256604616430451302412266400463254314434533060450646262451450642333625043460461136366624145656220316655242624150054330156636351334026456205613264331435140515450466131013246115512326444003136630543510104221522626543261504506654636143
170 -17.72 7.20 602265224611252604616430451302412266445463254314434533020450644262251450642333621043461461126366324345655200316655241424150054330156636356324026456205653266335431140515450436235015246312262326433003436130543110104223022626544236304530654633163
180 -21.25 7.40 602265254614256204636400451302412215462413252364434533050450646262251450640333625043460461336366624145665220316650242664150054334116036451334026456605611263335435140500453266235415246115262326444003430130543110104221035626543261404506654606163
190 -12.44 8.00 602265254622256204636400451302412216464413252314434563150450646262451450641333625060460461326366624145665220316650242664150054360116036451334026450605611563331412140510453466235410246115262326444003436130543112100221435626543241604536654616163
200 -16.25 9.80 632265254614356204616400401302612216465413252354464530051450646362451450642333605040460460326366624115665224316650242664152050030114036451334066456605613263361435140540431466235415246115232326444003436130243110511221035226543263104556640666161
210 -6.11 10.20 652265254614061204616450451202412216365414222314436533050650646262451250662433625043440461326366624145665220316650055654140254330116036451334006456605641563331434140510453466205465146116252363444013436130543130114221035616550261414506650266662
220 -11.65 7.60 655265254614066204616450451202242216465414252314436533050650646262451250662433625243440461326366624145665220316650052654140054630116031031334006456605641563331444160510453466235165116112252363444013436130043630144221032616550261414566656361562
230 -7.73 9.40 153265254614016204616400451306412216465413252314432243350250600262450450642343635643430465356266626145660222313654242664156153330116636454334006456605621263331421120510443466235415246115262323444003430130543160114521035636543261414506654653462
240 -7.94 8.20 253265203614014204616400251306412216465413212334454543350350640262450450442343615643430462256366621145665220316650245664250153335116036451364004456605621260336421146510423466235415246115262326444003620130643160314521035636543261414016650651462
250 -9.38 10.00 453265254614016204616400421606412216465413252314434503350350640264450450642313614643430461356366624145664220316650112664150153336112336421334044456605621263336421142510423456231415246412262326444153430130613160114521035636545261414044652651462
260 -8.29 8.80 253205203614014204616400251306612616465413212334454543350350640262450450442313615643420462256366621145665220316650245666250153335116036451364004456605641260336421146510423466235415256215262526444003620130643160314521035636541461414016460651462
270 -15.27 9.00 253265200615014254616600251306416216465414412344434543350350605262450450442343625643430421216366221155665220316650245665220453335116031451334004456601621064336461346511423466235315146115262326440103420131643160114521036635543261434016655631462
280 -5.14 8.40 453265254662016201616410421306412616455413256354435504350350645205450450642543614643430466356366624645666224316650112661150153336112326451323004456604621263236425152510423456255415246412231326443125430130643160144121035536346065434004250351465
290 -4.34 8.80 213464200615011254616600251306416212465413412304434543350350305252250450442343625643460421256366221155665220316650245665220453335116031451336004456601621064316341346111423466135415146115262326440103420131643160114521036635543266434016650631462
300 -1.21 13.60 253465200655011254616650251306016212465413412304434543350350605252250450642343655643430461254366221155665240316650245665220453335116031451336004450601621064336461346113423466135415156615262326440101420131643162114521036335542266432016650631462
