0 10.58 15.00
1 11.58 15.00
2 11.82 15.00
3 11.91 15.00
4 12.36 15.00
5 12.59 15.00
6 12.80 15.00
7 13.17 15.00
8 13.10 15.00
9 13.47 15.00
10 13.65 15.00
11 13.72 15.00
12 13.94 15.00
13 13.95 15.00
14 13.91 15.00
15 13.75 15.00
16 13.96 15.00
17 14.15 15.00
18 14.20 15.00
19 14.14 15.00
20 14.08 16.00
21 14.18 15.00
22 14.13 15.00
23 14.03 15.00
24 14.15 15.00
25 14.16 15.00
26 14.22 15.00
27 14.20 15.00
28 14.18 15.00
29 14.28 15.00
30 14.29 15.00
31 14.29 15.00
32 14.28 15.00
33 14.22 15.00
34 14.19 15.00
35 14.15 15.00
36 14.19 15.00
37 14.09 15.00
38 14.04 15.00
39 13.99 15.00
40 14.01 15.00
41 14.02 16.00
42 14.02 15.00
43 14.02 16.00
44 14.03 16.00
45 14.07 16.00
46 14.10 16.00
47 14.10 16.00
48 14.09 16.00
49 14.12 16.00
50 14.10 16.00
51 14.12 15.00
52 14.14 15.00
53 14.25 15.00
54 14.19 16.00
55 14.27 16.00
56 14.23 16.00
57 14.33 16.00
58 14.28 16.00
59 14.38 16.00
60 14.43 16.00
61 14.47 16.00
62 14.48 16.00
63 14.54 16.00
64 14.55 16.00
65 14.53 15.00
66 14.63 15.00
67 14.58 15.00
68 14.55 15.00
69 14.57 15.00
70 14.52 15.00
71 14.44 15.00
72 14.46 15.00
73 14.56 15.00
74 14.58 15.00
75 14.58 16.00
76 14.60 16.00
77 14.66 16.00
78 14.72 16.00
79 14.75 16.00
80 14.78 16.00
81 14.83 16.00
82 14.86 16.00
83 14.85 16.00
84 14.87 16.00
85 14.85 15.00
86 14.83 16.00
87 14.84 15.00
88 14.79 15.00
89 14.84 16.00
90 14.83 16.00
91 14.88 16.00
92 14.88 16.00
93 14.87 16.00
94 14.90 15.00
95 14.91 15.00
96 14.91 16.00
97 14.91 16.00
98 14.93 16.00
99 14.95 16.00
