0 10.46 17.00
1 10.73 17.00
2 11.22 17.00
3 11.53 17.00
4 12.42 17.00
5 13.39 17.00
6 14.12 17.00
7 14.48 18.00
8 15.26 18.00
9 15.57 18.00
10 15.62 18.00
11 16.00 18.00
12 16.34 18.00
13 16.50 18.00
14 16.55 18.00
15 16.74 18.00
16 16.90 18.00
17 16.82 18.00
18 17.03 18.00
19 17.06 18.00
20 17.02 18.00
21 17.10 18.00
22 17.25 18.00
23 17.25 19.00
24 17.19 18.00
25 17.23 18.00
26 17.29 18.00
27 17.27 18.00
28 17.35 18.00
29 17.46 18.00
30 17.44 18.00
31 17.48 18.00
32 17.49 19.00
33 17.59 19.00
34 17.50 19.00
35 17.45 19.00
36 17.43 18.00
37 17.41 18.00
38 17.27 18.00
39 17.34 18.00
40 17.41 18.00
41 17.39 18.00
42 17.40 18.00
43 17.26 18.00
44 17.35 18.00
45 17.30 18.00
46 17.25 18.00
47 17.28 18.00
48 17.29 18.00
49 17.27 18.00
50 17.35 18.00
51 17.26 18.00
52 17.25 18.00
53 17.33 18.00
54 17.32 18.00
55 17.37 18.00
56 17.36 18.00
57 17.33 18.00
58 17.38 18.00
59 17.36 18.00
60 17.42 18.00
61 17.49 18.00
62 17.41 18.00
63 17.39 18.00
64 17.42 19.00
65 17.42 18.00
66 17.43 18.00
67 17.40 18.00
68 17.48 19.00
69 17.44 19.00
70 17.45 19.00
71 17.57 18.00
72 17.46 18.00
73 17.45 18.00
74 17.57 18.00
75 17.52 18.00
76 17.43 18.00
77 17.32 18.00
78 17.26 18.00
79 17.30 18.00
80 17.33 18.00
81 17.43 18.00
82 17.36 18.00
83 17.29 18.00
84 17.26 18.00
85 17.21 18.00
86 17.25 18.00
87 17.40 19.00
88 17.37 19.00
89 17.42 19.00
90 17.36 19.00
91 17.41 19.00
92 17.36 18.00
93 17.45 18.00
94 17.38 18.00
95 17.29 18.00
96 17.34 18.00
97 17.49 18.00
98 17.44 18.00
99 17.53 18.00
