0 9.96 15.00
1 9.98 15.00
2 10.51 15.00
3 10.96 15.00
4 11.39 15.00
5 11.66 15.00
6 12.04 15.00
7 12.61 15.00
8 12.62 15.00
9 12.66 15.00
10 12.87 16.00
11 12.98 15.00
12 13.11 15.00
13 13.41 15.00
14 13.42 15.00
15 13.74 15.00
16 13.84 15.00
17 13.92 15.00
18 13.87 15.00
19 13.82 15.00
20 13.80 15.00
21 13.88 15.00
22 14.01 15.00
23 14.08 16.00
24 13.93 16.00
25 13.89 16.00
26 13.93 16.00
27 14.09 16.00
28 14.22 16.00
29 14.40 16.00
30 14.47 16.00
31 14.61 16.00
32 14.72 16.00
33 14.75 16.00
34 14.76 16.00
35 14.79 16.00
36 14.76 16.00
37 14.88 16.00
38 14.91 16.00
39 14.93 16.00
40 14.95 16.00
41 15.01 16.00
42 15.06 16.00
43 15.20 16.00
44 15.22 16.00
45 15.36 16.00
46 15.35 16.00
47 15.45 17.00
48 15.47 17.00
49 15.57 17.00
50 15.66 17.00
51 15.81 17.00
52 15.77 17.00
53 15.72 18.00
54 15.82 18.00
55 15.93 18.00
56 15.96 18.00
57 16.00 18.00
58 16.09 18.00
59 16.07 18.00
60 16.16 18.00
61 16.18 18.00
62 16.15 18.00
63 16.20 18.00
64 16.20 18.00
65 16.27 18.00
66 16.19 18.00
67 16.18 18.00
68 16.18 18.00
69 16.35 18.00
70 16.43 18.00
71 16.44 18.00
72 16.48 18.00
73 16.33 18.00
74 16.31 18.00
75 16.26 18.00
76 16.17 18.00
77 16.13 18.00
78 16.06 18.00
79 16.06 18.00
80 16.05 18.00
81 16.05 18.00
82 16.03 18.00
83 15.98 18.00
84 16.00 18.00
85 16.01 18.00
86 16.02 18.00
87 16.11 18.00
88 16.12 18.00
89 16.23 18.00
90 16.31 18.00
91 16.40 18.00
92 16.34 18.00
93 16.24 18.00
94 16.33 18.00
95 16.41 18.00
96 16.62 18.00
97 16.75 18.00
98 16.46 18.00
99 16.56 18.00
