0 10.88 15.00
1 11.22 15.00
2 11.41 15.00
3 11.78 15.00
4 12.16 15.00
5 12.20 15.00
6 12.24 14.00
7 12.16 14.00
8 12.07 14.00
9 12.28 14.00
10 12.55 14.00
11 12.67 14.00
12 12.73 14.00
13 12.85 14.00
14 13.10 14.00
15 13.10 14.00
16 13.28 14.00
17 13.27 15.00
18 13.25 15.00
19 13.26 15.00
20 13.33 14.00
21 13.43 14.00
22 13.36 15.00
23 13.37 15.00
24 13.42 15.00
25 13.47 15.00
26 13.55 15.00
27 13.59 15.00
28 13.62 15.00
29 13.67 16.00
30 13.79 15.00
31 13.67 15.00
32 13.68 15.00
33 13.57 15.00
34 13.46 14.00
35 13.52 14.00
36 13.53 15.00
37 13.63 15.00
38 13.59 15.00
39 13.71 15.00
40 13.69 15.00
41 13.60 15.00
42 13.66 15.00
43 13.58 15.00
44 13.43 15.00
45 13.60 15.00
46 13.58 15.00
47 13.55 15.00
48 13.63 15.00
49 13.67 15.00
50 13.69 15.00
51 13.75 15.00
52 13.81 15.00
53 13.74 15.00
54 13.81 15.00
55 13.90 15.00
56 14.00 15.00
57 14.05 15.00
58 14.14 16.00
59 14.23 15.00
60 14.23 15.00
61 14.21 15.00
62 14.26 16.00
63 14.17 16.00
64 14.29 16.00
65 14.38 16.00
66 14.39 16.00
67 14.42 16.00
68 14.46 16.00
69 14.48 16.00
70 14.49 16.00
71 14.49 16.00
72 14.49 16.00
73 14.47 16.00
74 14.42 16.00
75 14.34 16.00
76 14.30 16.00
77 14.36 16.00
78 14.43 15.00
79 14.55 15.00
80 14.62 16.00
81 14.66 16.00
82 14.70 16.00
83 14.60 16.00
84 14.54 16.00
85 14.55 16.00
86 14.52 16.00
87 14.58 16.00
88 14.68 16.00
89 14.68 16.00
90 14.72 16.00
91 14.81 16.00
92 14.81 16.00
93 14.77 16.00
94 14.78 16.00
95 14.75 16.00
96 14.74 16.00
97 14.71 17.00
98 14.80 17.00
99 14.86 17.00
