0 10.08 14.00
1 10.71 14.00
2 11.28 13.00
3 11.40 13.00
4 11.81 13.00
5 11.74 14.00
6 11.84 14.00
7 12.12 14.00
8 12.16 14.00
9 12.39 13.00
10 12.56 14.00
11 12.65 14.00
12 12.74 14.00
13 12.79 14.00
14 12.77 14.00
15 12.91 14.00
16 12.92 15.00
17 13.08 15.00
18 13.13 14.00
19 13.06 14.00
20 13.12 14.00
21 13.12 14.00
22 13.10 14.00
23 13.09 14.00
24 13.05 14.00
25 13.07 14.00
26 13.05 14.00
27 13.02 14.00
28 12.94 14.00
29 13.06 14.00
30 13.03 14.00
31 12.97 14.00
32 13.03 15.00
33 13.20 15.00
34 13.43 15.00
35 13.51 15.00
36 13.55 15.00
37 13.57 15.00
38 13.53 15.00
39 13.43 15.00
40 13.46 15.00
41 13.53 15.00
42 13.48 15.00
43 13.52 15.00
44 13.50 14.00
45 13.52 15.00
46 13.61 15.00
47 13.68 15.00
48 13.71 15.00
49 13.75 15.00
50 13.81 15.00
51 13.91 15.00
52 13.90 15.00
53 13.95 15.00
54 13.94 15.00
55 13.82 15.00
56 13.86 15.00
57 13.86 15.00
58 13.95 15.00
59 13.93 15.00
60 13.90 15.00
61 13.89 15.00
62 13.95 15.00
63 13.89 15.00
64 13.90 15.00
65 13.94 15.00
66 13.89 15.00
67 13.95 15.00
68 14.00 15.00
69 14.01 15.00
70 14.02 15.00
71 14.24 15.00
72 14.40 15.00
73 14.47 15.00
74 14.48 15.00
75 14.47 15.00
76 14.48 15.00
77 14.47 15.00
78 14.50 15.00
79 14.52 15.00
80 14.55 15.00
81 14.65 15.00
82 14.69 16.00
83 14.71 16.00
84 14.68 16.00
85 14.64 16.00
86 14.61 16.00
87 14.63 16.00
88 14.64 16.00
89 14.67 16.00
90 14.73 16.00
91 14.75 15.00
92 14.80 15.00
93 14.82 15.00
94 14.86 16.00
95 14.90 15.00
96 14.94 16.00
97 14.93 15.00
98 14.95 15.00
99 14.95 15.00
