0 10.67 16.00
1 10.48 15.00
2 10.96 15.00
3 11.50 14.00
4 11.63 14.00
5 11.69 14.00
6 12.24 14.00
7 12.32 14.00
8 12.28 14.00
9 12.46 14.00
10 12.71 14.00
11 12.72 14.00
12 12.70 14.00
13 12.68 14.00
14 12.68 14.00
15 12.85 14.00
16 12.87 14.00
17 12.99 14.00
18 13.01 14.00
19 13.02 14.00
20 12.99 15.00
21 13.04 14.00
22 13.04 14.00
23 13.06 14.00
24 13.27 14.00
25 13.34 15.00
26 13.32 15.00
27 13.37 16.00
28 13.28 16.00
29 13.32 16.00
30 13.32 16.00
31 13.43 16.00
32 13.44 16.00
33 13.53 16.00
34 13.62 16.00
35 13.84 16.00
36 14.06 16.00
37 14.13 16.00
38 14.53 16.00
39 14.67 16.00
40 14.74 17.00
41 14.64 17.00
42 14.79 17.00
43 14.76 17.00
44 14.71 16.00
45 14.97 16.00
46 14.93 16.00
47 15.02 16.00
48 15.13 17.00
49 15.23 17.00
50 15.34 17.00
51 15.45 16.00
52 15.61 16.00
53 15.59 16.00
54 15.60 16.00
55 15.73 16.00
56 15.64 16.00
57 15.66 16.00
58 15.79 16.00
59 15.76 17.00
60 15.78 17.00
61 15.80 17.00
62 15.75 16.00
63 15.75 17.00
64 15.72 17.00
65 15.76 17.00
66 15.79 17.00
67 15.84 17.00
68 15.75 17.00
69 15.85 17.00
70 15.86 17.00
71 15.87 17.00
72 15.86 17.00
73 15.84 17.00
74 15.78 17.00
75 15.71 17.00
76 15.78 17.00
77 15.77 17.00
78 15.73 18.00
79 15.82 18.00
80 15.93 18.00
81 15.87 18.00
82 15.89 18.00
83 15.90 18.00
84 16.06 18.00
85 16.25 18.00
86 16.23 18.00
87 16.22 18.00
88 16.22 18.00
89 16.19 18.00
90 16.30 18.00
91 16.28 18.00
92 16.35 18.00
93 16.38 18.00
94 16.47 18.00
95 16.40 18.00
96 16.38 18.00
97 16.38 18.00
98 16.32 18.00
99 16.25 18.00
