0 10.72 14.00
1 10.84 14.00
2 11.08 14.00
3 11.71 14.00
4 12.27 14.00
5 12.35 14.00
6 12.53 15.00
7 12.66 15.00
8 12.84 15.00
9 12.93 15.00
10 13.11 15.00
11 13.21 15.00
12 13.25 15.00
13 13.39 15.00
14 13.34 14.00
15 13.38 15.00
16 13.39 15.00
17 13.41 15.00
18 13.48 15.00
19 13.50 15.00
20 13.49 15.00
21 13.44 14.00
22 13.48 15.00
23 13.49 15.00
24 13.37 15.00
25 13.40 15.00
26 13.42 15.00
27 13.31 15.00
28 13.33 15.00
29 13.39 15.00
30 13.50 15.00
31 13.57 15.00
32 13.56 15.00
33 13.59 15.00
34 13.60 15.00
35 13.73 15.00
36 13.78 15.00
37 13.90 15.00
38 13.96 15.00
39 14.11 15.00
40 14.22 15.00
41 14.36 15.00
42 14.49 15.00
43 14.54 15.00
44 14.53 16.00
45 14.59 16.00
46 14.57 16.00
47 14.56 16.00
48 14.66 16.00
49 14.67 16.00
50 14.73 16.00
51 14.70 16.00
52 14.63 16.00
53 14.65 16.00
54 14.73 16.00
55 14.70 16.00
56 14.73 16.00
57 14.69 16.00
58 14.74 16.00
59 14.81 17.00
60 14.81 17.00
61 14.84 17.00
62 14.87 17.00
63 14.95 17.00
64 14.87 16.00
65 14.79 16.00
66 14.85 16.00
67 14.85 17.00
68 14.88 17.00
69 14.88 17.00
70 14.95 17.00
71 15.06 17.00
72 14.89 17.00
73 14.98 17.00
74 15.11 18.00
75 15.31 18.00
76 15.38 18.00
77 15.54 18.00
78 15.60 18.00
79 15.55 18.00
80 15.61 18.00
81 15.72 18.00
82 15.85 18.00
83 15.76 18.00
84 15.56 18.00
85 15.75 18.00
86 15.83 18.00
87 15.86 18.00
88 16.00 18.00
89 16.06 18.00
90 15.95 17.00
91 16.03 17.00
92 16.20 18.00
93 16.47 18.00
94 16.47 18.00
95 16.63 18.00
96 16.67 18.00
97 16.77 18.00
98 16.89 18.00
99 16.80 18.00
