0 10.15 15.00
1 10.66 15.00
2 10.72 14.00
3 10.90 14.00
4 11.18 15.00
5 11.56 15.00
6 11.92 15.00
7 12.05 15.00
8 12.11 15.00
9 12.34 15.00
10 12.20 15.00
11 12.50 15.00
12 12.63 16.00
13 12.92 16.00
14 13.19 16.00
15 13.54 16.00
16 13.59 16.00
17 13.76 16.00
18 13.68 16.00
19 13.63 15.00
20 13.75 15.00
21 13.97 15.00
22 13.97 15.00
23 13.91 15.00
24 13.97 15.00
25 14.04 15.00
26 14.20 15.00
27 14.27 15.00
28 14.36 15.00
29 14.32 15.00
30 14.29 15.00
31 14.22 15.00
32 14.38 15.00
33 14.48 15.00
34 14.47 16.00
35 14.51 15.00
36 14.61 16.00
37 14.62 16.00
38 14.59 16.00
39 14.68 16.00
40 14.72 16.00
41 14.77 16.00
42 14.74 16.00
43 14.72 16.00
44 14.69 16.00
45 14.68 16.00
46 14.76 16.00
47 14.75 15.00
48 14.76 15.00
49 14.75 15.00
50 14.78 15.00
51 14.70 15.00
52 14.66 15.00
53 14.69 16.00
54 14.58 16.00
55 14.53 16.00
56 14.59 16.00
57 14.65 16.00
58 14.65 16.00
59 14.73 16.00
60 14.77 16.00
61 14.83 16.00
62 14.86 16.00
63 14.84 17.00
64 14.83 16.00
65 14.79 16.00
66 14.84 16.00
67 14.83 16.00
68 14.84 16.00
69 14.86 16.00
70 14.80 16.00
71 14.76 16.00
72 14.72 15.00
73 14.77 16.00
74 14.80 16.00
75 14.71 16.00
76 14.83 16.00
77 14.81 16.00
78 14.85 16.00
79 14.96 16.00
80 14.96 16.00
81 14.99 16.00
82 15.06 16.00
83 15.09 16.00
84 15.05 16.00
85 15.09 16.00
86 15.10 16.00
87 15.08 16.00
88 15.06 16.00
89 15.09 16.00
90 15.11 16.00
91 15.16 16.00
92 15.21 16.00
93 15.24 16.00
94 15.24 16.00
95 15.26 16.00
96 15.27 16.00
97 15.26 16.00
98 15.26 16.00
99 15.16 16.00
