0 10.83 15.00
1 11.44 15.00
2 11.83 15.00
3 12.03 15.00
4 12.40 15.00
5 12.96 15.00
6 13.09 15.00
7 13.39 15.00
8 13.47 15.00
9 13.69 15.00
10 13.84 15.00
11 13.91 15.00
12 13.99 15.00
13 14.13 15.00
14 14.24 15.00
15 14.18 15.00
16 14.37 16.00
17 14.40 16.00
18 14.50 16.00
19 14.59 16.00
20 14.59 16.00
21 14.76 16.00
22 14.85 16.00
23 14.79 16.00
24 14.80 16.00
25 14.76 16.00
26 14.76 16.00
27 14.75 16.00
28 14.74 16.00
29 14.86 16.00
30 14.92 16.00
31 14.95 16.00
32 14.91 16.00
33 15.02 16.00
34 15.06 16.00
35 15.01 16.00
36 15.01 16.00
37 14.96 16.00
38 14.91 16.00
39 14.92 16.00
40 14.94 16.00
41 14.92 16.00
42 14.90 16.00
43 14.90 16.00
44 14.92 16.00
45 14.97 16.00
46 14.99 16.00
47 15.00 16.00
48 15.08 16.00
49 15.03 16.00
50 15.09 16.00
51 15.08 16.00
52 15.01 16.00
53 15.03 16.00
54 14.96 16.00
55 15.09 16.00
56 15.06 16.00
57 15.14 16.00
58 15.22 16.00
59 15.20 16.00
60 15.24 16.00
61 15.13 16.00
62 15.21 16.00
63 15.26 16.00
64 15.33 17.00
65 15.44 17.00
66 15.51 17.00
67 15.69 17.00
68 15.55 17.00
69 15.66 17.00
70 15.72 17.00
71 15.77 17.00
72 15.85 17.00
73 15.88 17.00
74 15.85 18.00
75 15.97 18.00
76 16.00 18.00
77 15.97 18.00
78 16.03 18.00
79 15.98 18.00
80 16.07 18.00
81 16.07 18.00
82 16.17 18.00
83 16.23 18.00
84 16.18 18.00
85 16.18 17.00
86 16.16 17.00
87 16.16 17.00
88 16.13 17.00
89 16.18 17.00
90 16.19 17.00
91 16.10 17.00
92 16.09 17.00
93 16.14 18.00
94 16.16 18.00
95 16.20 18.00
96 16.10 18.00
97 16.15 18.00
98 16.14 18.00
99 16.28 18.00
