0 10.54 15.00
1 10.95 15.00
2 11.49 15.00
3 12.14 15.00
4 12.71 15.00
5 13.14 15.00
6 13.56 15.00
7 13.73 15.00
8 13.88 15.00
9 13.95 15.00
10 14.04 15.00
11 14.13 16.00
12 14.13 16.00
13 14.14 16.00
14 14.06 16.00
15 13.99 16.00
16 14.13 16.00
17 14.08 16.00
18 14.15 16.00
19 14.33 16.00
20 14.42 16.00
21 14.52 16.00
22 14.58 16.00
23 14.64 16.00
24 14.74 16.00
25 14.78 16.00
26 14.77 15.00
27 14.80 15.00
28 14.80 16.00
29 14.85 16.00
30 14.94 16.00
31 14.91 16.00
32 14.92 16.00
33 14.96 16.00
34 15.02 16.00
35 14.97 16.00
36 14.98 16.00
37 14.99 16.00
38 14.99 16.00
39 14.86 16.00
40 14.80 16.00
41 14.93 16.00
42 14.93 17.00
43 14.92 17.00
44 14.92 17.00
45 14.95 17.00
46 14.93 17.00
47 15.00 17.00
48 15.06 17.00
49 15.05 17.00
50 15.11 17.00
51 15.03 17.00
52 15.14 17.00
53 15.12 17.00
54 15.11 17.00
55 15.09 17.00
56 15.06 17.00
57 14.99 17.00
58 15.05 17.00
59 15.00 17.00
60 14.95 17.00
61 14.97 17.00
62 14.95 17.00
63 14.84 17.00
64 14.85 15.00
65 14.82 15.00
66 14.85 16.00
67 14.81 16.00
68 14.89 16.00
69 14.83 16.00
70 14.90 16.00
71 14.91 16.00
72 14.94 16.00
73 14.97 16.00
74 14.99 16.00
75 14.99 16.00
76 15.00 16.00
77 15.06 17.00
78 14.98 16.00
79 15.01 16.00
80 14.93 16.00
81 14.88 16.00
82 14.80 16.00
83 14.74 15.00
84 14.77 15.00
85 14.79 15.00
86 14.89 16.00
87 14.90 16.00
88 14.90 16.00
89 14.97 16.00
90 14.97 16.00
91 14.93 16.00
92 14.97 16.00
93 14.90 16.00
94 14.83 16.00
95 14.95 16.00
96 15.03 16.00
97 15.07 16.00
98 14.97 16.00
99 14.99 16.00
