0 10.58 15.00
1 10.90 15.00
2 11.64 15.00
3 12.14 15.00
4 12.37 15.00
5 12.72 15.00
6 13.18 15.00
7 13.69 15.00
8 13.86 15.00
9 13.91 15.00
10 13.99 15.00
11 14.06 15.00
12 14.09 15.00
13 14.17 15.00
14 14.25 15.00
15 14.40 15.00
16 14.67 16.00
17 14.60 15.00
18 14.76 15.00
19 14.86 15.00
20 14.85 16.00
21 14.81 16.00
22 14.86 16.00
23 14.89 16.00
24 14.90 16.00
25 14.88 16.00
26 14.85 16.00
27 14.97 16.00
28 15.01 16.00
29 15.01 16.00
30 15.00 16.00
31 15.05 16.00
32 14.97 16.00
33 15.00 16.00
34 15.10 16.00
35 15.10 16.00
36 15.10 17.00
37 15.08 16.00
38 15.09 16.00
39 15.02 16.00
40 15.08 16.00
41 15.10 16.00
42 15.08 16.00
43 15.11 16.00
44 15.12 16.00
45 15.13 16.00
46 15.21 16.00
47 15.18 16.00
48 15.11 16.00
49 15.10 17.00
50 15.15 17.00
51 15.15 17.00
52 15.14 17.00
53 15.28 17.00
54 15.42 17.00
55 15.35 17.00
56 15.37 17.00
57 15.37 17.00
58 15.52 17.00
59 15.63 17.00
60 15.69 17.00
61 15.65 18.00
62 15.65 18.00
63 15.74 17.00
64 15.67 17.00
65 15.49 17.00
66 15.52 18.00
67 15.66 18.00
68 15.59 17.00
69 15.69 18.00
70 15.79 18.00
71 15.83 18.00
72 15.84 18.00
73 15.90 18.00
74 15.98 17.00
75 15.95 17.00
76 16.01 17.00
77 16.19 17.00
78 16.35 17.00
79 16.28 17.00
80 16.34 17.00
81 16.31 17.00
82 16.30 17.00
83 16.22 17.00
84 16.26 17.00
85 16.33 17.00
86 16.26 17.00
87 16.34 17.00
88 16.47 18.00
89 16.43 17.00
90 16.51 17.00
91 16.53 17.00
92 16.50 17.00
93 16.45 17.00
94 16.47 17.00
95 16.50 17.00
96 16.57 17.00
97 16.55 17.00
98 16.54 17.00
99 16.58 17.00
