0 10.56 15.00
1 11.23 15.00
2 11.58 15.00
3 11.67 15.00
4 11.66 15.00
5 11.94 15.00
6 11.88 15.00
7 12.02 15.00
8 12.20 15.00
9 12.36 15.00
10 12.95 15.00
11 13.22 15.00
12 13.40 15.00
13 13.60 15.00
14 13.99 15.00
15 14.18 15.00
16 14.16 16.00
17 14.23 16.00
18 14.32 16.00
19 14.35 16.00
20 14.35 16.00
21 14.40 16.00
22 14.46 16.00
23 14.49 16.00
24 14.60 16.00
25 14.59 16.00
26 14.59 16.00
27 14.55 16.00
28 14.49 16.00
29 14.52 16.00
30 14.43 16.00
31 14.50 16.00
32 14.53 16.00
33 14.52 16.00
34 14.52 16.00
35 14.74 16.00
36 14.73 16.00
37 14.74 16.00
38 14.86 16.00
39 15.02 16.00
40 14.96 16.00
41 14.98 16.00
42 15.06 16.00
43 14.98 16.00
44 15.09 16.00
45 14.99 16.00
46 15.00 16.00
47 15.06 16.00
48 15.06 16.00
49 15.15 16.00
50 15.15 16.00
51 15.14 16.00
52 15.13 17.00
53 15.26 17.00
54 15.33 17.00
55 15.44 17.00
56 15.44 17.00
57 15.32 16.00
58 15.24 16.00
59 15.29 16.00
60 15.36 17.00
61 15.33 16.00
62 15.36 16.00
63 15.38 16.00
64 15.43 16.00
65 15.42 16.00
66 15.42 16.00
67 15.35 16.00
68 15.34 16.00
69 15.40 16.00
70 15.47 16.00
71 15.50 17.00
72 15.43 16.00
73 15.38 16.00
74 15.37 16.00
75 15.54 16.00
76 15.52 16.00
77 15.54 17.00
78 15.61 17.00
79 15.49 16.00
80 15.52 16.00
81 15.53 16.00
82 15.46 16.00
83 15.54 17.00
84 15.57 17.00
85 15.65 17.00
86 15.74 17.00
87 15.83 17.00
88 15.86 17.00
89 15.84 17.00
90 15.77 17.00
91 15.79 18.00
92 15.71 16.00
93 15.63 16.00
94 15.68 16.00
95 15.76 16.00
96 15.82 17.00
97 15.78 17.00
98 15.77 17.00
99 15.74 17.00
