0 10.52 17.00
1 11.18 15.00
2 11.72 15.00
3 11.72 15.00
4 12.26 15.00
5 12.67 15.00
6 12.70 15.00
7 12.92 15.00
8 13.17 15.00
9 13.44 15.00
10 13.65 15.00
11 13.66 15.00
12 13.58 15.00
13 13.67 15.00
14 13.70 15.00
15 13.67 15.00
16 13.67 15.00
17 13.66 15.00
18 13.74 15.00
19 13.71 15.00
20 13.94 15.00
21 13.98 15.00
22 14.09 16.00
23 14.10 16.00
24 14.11 16.00
25 14.25 16.00
26 14.24 16.00
27 14.50 16.00
28 14.63 16.00
29 14.44 17.00
30 14.55 16.00
31 14.73 16.00
32 14.97 16.00
33 14.82 16.00
34 14.85 16.00
35 15.08 17.00
36 14.86 17.00
37 14.87 17.00
38 14.96 17.00
39 14.82 17.00
40 15.10 17.00
41 15.52 17.00
42 15.67 17.00
43 15.86 17.00
44 16.05 17.00
45 15.99 17.00
46 16.05 17.00
47 16.23 17.00
48 16.22 17.00
49 16.26 17.00
50 16.24 17.00
51 16.16 17.00
52 16.27 17.00
53 16.31 17.00
54 16.30 17.00
55 16.38 17.00
56 16.33 17.00
57 16.19 17.00
58 16.28 17.00
59 16.29 17.00
60 16.29 17.00
61 16.47 17.00
62 16.69 18.00
63 16.71 18.00
64 16.70 18.00
65 16.70 18.00
66 16.67 18.00
67 16.69 18.00
68 16.71 18.00
69 16.72 18.00
70 16.79 18.00
71 16.79 18.00
72 16.78 18.00
73 16.76 18.00
74 16.68 18.00
75 16.68 18.00
76 16.75 18.00
77 16.71 18.00
78 16.80 18.00
79 16.82 18.00
80 16.97 18.00
81 17.03 18.00
82 17.15 18.00
83 17.04 18.00
84 16.97 18.00
85 16.99 18.00
86 16.78 18.00
87 16.75 18.00
88 16.68 18.00
89 16.67 18.00
90 16.71 18.00
91 16.82 18.00
92 16.86 18.00
93 16.74 18.00
94 16.74 18.00
95 16.72 18.00
96 16.59 18.00
97 16.67 18.00
98 16.77 18.00
99 16.69 18.00
