0 10.70 17.00
1 11.05 17.00
2 11.40 17.00
3 11.24 17.00
4 12.13 17.00
5 12.46 17.00
6 13.17 17.00
7 13.49 17.00
8 13.91 17.00
9 14.72 17.00
10 15.01 17.00
11 15.08 17.00
12 15.37 17.00
13 15.65 18.00
14 15.84 18.00
15 16.03 18.00
16 16.43 18.00
17 16.51 18.00
18 16.41 18.00
19 16.39 18.00
20 16.51 18.00
21 16.56 18.00
22 16.62 18.00
23 16.61 18.00
24 16.55 18.00
25 16.72 18.00
26 16.94 18.00
27 16.92 18.00
28 16.88 18.00
29 16.92 18.00
30 16.93 18.00
31 16.86 17.00
32 16.82 17.00
33 16.81 17.00
34 16.86 17.00
35 16.79 18.00
36 16.85 18.00
37 16.89 18.00
38 16.90 18.00
39 16.78 18.00
40 16.80 18.00
41 16.87 18.00
42 16.88 18.00
43 16.87 18.00
44 16.91 18.00
45 16.88 18.00
46 16.88 17.00
47 16.84 17.00
48 16.83 17.00
49 16.74 17.00
50 16.79 17.00
51 16.83 18.00
52 16.78 18.00
53 16.83 18.00
54 16.77 18.00
55 16.71 18.00
56 16.68 18.00
57 16.60 18.00
58 16.60 18.00
59 16.81 18.00
60 16.82 18.00
61 16.93 18.00
62 17.06 18.00
63 17.06 18.00
64 17.10 19.00
65 17.20 19.00
66 17.24 19.00
67 17.15 19.00
68 17.32 19.00
69 17.30 19.00
70 17.27 19.00
71 17.09 19.00
72 17.10 19.00
73 17.05 19.00
74 17.06 19.00
75 17.21 19.00
76 17.22 19.00
77 17.45 19.00
78 17.52 19.00
79 17.54 19.00
80 17.32 19.00
81 17.40 19.00
82 17.47 19.00
83 17.57 19.00
84 17.48 19.00
85 17.59 19.00
86 17.67 19.00
87 17.75 19.00
88 17.70 19.00
89 17.75 19.00
90 17.84 19.00
91 17.78 19.00
92 17.64 19.00
93 17.53 19.00
94 17.61 19.00
95 17.58 19.00
96 17.72 19.00
97 17.67 19.00
98 17.87 19.00
99 17.91 19.00
