0 10.45 14.00
1 10.94 14.00
2 11.17 14.00
3 11.40 14.00
4 11.81 14.00
5 12.22 14.00
6 12.26 14.00
7 12.54 15.00
8 12.82 14.00
9 12.82 14.00
10 12.91 14.00
11 12.96 15.00
12 12.97 15.00
13 13.13 16.00
14 13.31 16.00
15 13.36 16.00
16 13.60 16.00
17 13.68 16.00
18 13.79 16.00
19 13.87 16.00
20 13.99 16.00
21 13.96 16.00
22 14.04 16.00
23 14.27 16.00
24 14.28 16.00
25 14.51 16.00
26 14.40 16.00
27 14.60 16.00
28 14.70 16.00
29 14.66 16.00
30 14.69 17.00
31 14.64 16.00
32 14.78 16.00
33 14.79 16.00
34 14.80 16.00
35 14.84 16.00
36 14.84 16.00
37 14.84 16.00
38 14.91 16.00
39 14.86 16.00
40 14.84 16.00
41 14.81 16.00
42 14.95 16.00
43 14.92 16.00
44 14.90 16.00
45 14.87 16.00
46 14.86 16.00
47 14.79 16.00
48 14.88 16.00
49 14.97 16.00
50 14.91 16.00
51 14.81 16.00
52 14.74 16.00
53 14.80 16.00
54 14.96 17.00
55 14.91 17.00
56 14.94 17.00
57 14.87 17.00
58 14.75 16.00
59 14.78 16.00
60 14.80 16.00
61 14.76 16.00
62 14.79 16.00
63 14.75 16.00
64 14.76 16.00
65 14.72 16.00
66 14.76 16.00
67 14.73 16.00
68 14.75 16.00
69 14.78 16.00
70 14.77 16.00
71 14.85 16.00
72 14.97 16.00
73 14.99 16.00
74 14.94 16.00
75 14.93 16.00
76 15.09 16.00
77 15.01 16.00
78 15.02 16.00
79 15.00 16.00
80 14.97 16.00
81 15.02 16.00
82 15.00 16.00
83 15.12 16.00
84 15.17 16.00
85 15.20 17.00
86 15.25 17.00
87 15.24 16.00
88 15.33 16.00
89 15.29 16.00
90 15.27 16.00
91 15.39 16.00
92 15.37 16.00
93 15.41 16.00
94 15.31 16.00
95 15.37 16.00
96 15.34 16.00
97 15.37 16.00
98 15.40 16.00
99 15.34 16.00
