0 10.60 16.00
1 10.89 16.00
2 11.48 16.00
3 11.69 16.00
4 11.90 16.00
5 12.41 16.00
6 12.60 16.00
7 12.91 16.00
8 13.56 16.00
9 13.88 16.00
10 14.42 16.00
11 14.83 16.00
12 15.16 17.00
13 15.40 17.00
14 15.72 16.00
15 15.85 16.00
16 15.85 17.00
17 15.87 17.00
18 15.87 16.00
19 15.87 16.00
20 15.91 17.00
21 15.96 16.00
22 15.94 16.00
23 15.95 16.00
24 15.90 16.00
25 15.84 16.00
26 15.81 16.00
27 15.86 17.00
28 15.92 17.00
29 15.88 16.00
30 15.85 16.00
31 15.83 16.00
32 15.82 18.00
33 15.82 18.00
34 15.82 18.00
35 15.76 18.00
36 15.78 18.00
37 15.78 16.00
38 15.82 16.00
39 15.83 16.00
40 15.77 17.00
41 15.87 17.00
42 15.90 17.00
43 15.90 17.00
44 16.00 17.00
45 16.09 18.00
46 16.08 18.00
47 16.08 18.00
48 16.07 18.00
49 16.03 18.00
50 16.01 18.00
51 16.06 18.00
52 16.06 18.00
53 16.07 17.00
54 16.05 17.00
55 16.05 17.00
56 16.06 17.00
57 16.08 17.00
58 16.04 17.00
59 16.01 17.00
60 16.00 17.00
61 16.03 17.00
62 16.00 17.00
63 16.02 17.00
64 16.01 17.00
65 16.12 17.00
66 16.14 17.00
67 16.09 17.00
68 16.14 17.00
69 16.16 17.00
70 16.33 18.00
71 16.24 17.00
72 16.26 17.00
73 16.27 18.00
74 16.21 18.00
75 16.24 18.00
76 16.23 18.00
77 16.19 17.00
78 16.19 17.00
79 16.19 17.00
80 16.20 17.00
81 16.29 17.00
82 16.35 17.00
83 16.31 17.00
84 16.34 18.00
85 16.43 18.00
86 16.47 18.00
87 16.41 18.00
88 16.40 18.00
89 16.43 18.00
90 16.50 18.00
91 16.45 18.00
92 16.41 17.00
93 16.46 17.00
94 16.53 18.00
95 16.61 18.00
96 16.61 18.00
97 16.52 18.00
98 16.58 18.00
99 16.58 18.00
