0 9.98 16.00
1 10.23 16.00
2 10.85 16.00
3 11.09 16.00
4 11.65 16.00
5 12.15 16.00
6 12.59 16.00
7 13.37 17.00
8 13.70 16.00
9 13.90 16.00
10 14.34 16.00
11 14.69 16.00
12 14.81 17.00
13 15.03 16.00
14 15.27 16.00
15 15.47 16.00
16 15.48 17.00
17 15.63 17.00
18 15.72 17.00
19 15.74 17.00
20 15.76 17.00
21 15.80 17.00
22 15.82 17.00
23 15.90 17.00
24 16.01 17.00
25 16.00 17.00
26 15.94 17.00
27 15.97 17.00
28 16.06 17.00
29 16.13 17.00
30 16.18 17.00
31 16.18 17.00
32 16.24 17.00
33 16.29 17.00
34 16.31 17.00
35 16.37 17.00
36 16.31 17.00
37 16.38 17.00
38 16.39 17.00
39 16.45 18.00
40 16.40 18.00
41 16.48 18.00
42 16.42 18.00
43 16.49 18.00
44 16.48 18.00
45 16.40 18.00
46 16.50 18.00
47 16.40 18.00
48 16.32 18.00
49 16.32 18.00
50 16.45 18.00
51 16.29 18.00
52 16.33 18.00
53 16.42 19.00
54 16.57 19.00
55 16.65 19.00
56 16.77 19.00
57 16.87 19.00
58 17.03 19.00
59 17.20 19.00
60 17.07 19.00
61 17.33 19.00
62 17.37 19.00
63 17.51 19.00
64 17.55 19.00
65 17.74 19.00
66 17.69 19.00
67 17.79 19.00
68 17.84 19.00
69 17.88 19.00
70 17.89 19.00
71 17.74 19.00
72 17.70 19.00
73 17.75 19.00
74 17.83 19.00
75 17.88 19.00
76 17.88 19.00
77 17.79 19.00
78 17.78 20.00
