0 10.82 16.00
1 11.33 16.00
2 11.94 16.00
3 12.37 16.00
4 12.75 16.00
5 13.32 16.00
6 14.06 16.00
7 14.21 16.00
8 14.50 16.00
9 14.42 16.00
10 14.53 17.00
11 14.52 17.00
12 14.67 17.00
13 14.66 17.00
14 14.94 17.00
15 14.91 17.00
16 14.74 17.00
17 14.99 17.00
18 14.94 17.00
19 15.01 17.00
20 15.11 17.00
21 15.11 17.00
22 15.03 16.00
23 14.96 17.00
24 15.02 17.00
25 15.16 17.00
26 15.42 17.00
27 15.49 16.00
28 15.49 16.00
29 15.57 16.00
30 15.55 16.00
31 15.62 16.00
32 15.68 16.00
33 15.82 16.00
34 15.82 17.00
35 15.80 16.00
36 15.89 17.00
37 15.87 16.00
38 15.92 17.00
39 15.90 17.00
40 15.92 16.00
41 15.93 16.00
42 15.94 16.00
43 15.91 16.00
44 15.89 16.00
45 15.86 17.00
46 15.80 16.00
47 15.83 16.00
48 15.88 16.00
49 15.86 16.00
50 15.87 16.00
51 15.88 16.00
52 15.89 17.00
53 15.89 17.00
54 15.85 17.00
55 15.87 17.00
56 15.94 17.00
57 15.98 17.00
58 15.96 17.00
59 16.05 17.00
60 16.07 17.00
61 16.09 17.00
62 16.12 17.00
63 16.09 17.00
64 16.09 18.00
65 16.01 17.00
66 16.01 17.00
67 15.99 17.00
68 15.88 17.00
69 15.97 17.00
70 16.01 17.00
71 16.04 17.00
72 15.99 17.00
73 15.88 17.00
74 15.82 17.00
75 15.74 17.00
76 15.76 17.00
77 15.66 17.00
78 15.73 17.00
79 15.95 17.00
80 15.93 17.00
81 15.86 17.00
82 15.83 17.00
83 15.68 17.00
84 15.75 17.00
85 15.85 17.00
86 15.90 17.00
87 15.97 17.00
88 16.10 17.00
89 15.97 17.00
90 16.04 17.00
91 16.00 17.00
92 16.03 17.00
93 16.02 18.00
94 16.12 18.00
95 16.13 18.00
96 16.11 18.00
97 16.06 18.00
98 15.98 18.00
99 16.08 18.00
