0 10.00 15.00
1 10.44 15.00
2 10.97 15.00
3 11.05 15.00
4 11.29 15.00
5 11.59 15.00
6 11.93 15.00
7 12.03 15.00
8 12.47 15.00
9 12.66 15.00
10 12.68 15.00
11 12.95 15.00
12 13.31 15.00
13 13.46 15.00
14 13.73 15.00
15 14.04 15.00
16 14.14 16.00
17 14.16 16.00
18 14.32 16.00
19 14.17 16.00
20 14.35 16.00
21 14.36 16.00
22 14.45 16.00
23 14.42 16.00
24 14.41 16.00
25 14.41 16.00
26 14.39 15.00
27 14.34 15.00
28 14.48 16.00
29 14.62 16.00
30 14.56 16.00
31 14.59 15.00
32 14.74 15.00
33 14.81 15.00
34 14.84 15.00
35 14.88 15.00
36 14.93 16.00
37 14.93 16.00
38 14.98 16.00
39 15.01 16.00
40 15.05 16.00
41 15.02 16.00
42 15.00 16.00
43 15.04 16.00
44 15.04 16.00
45 15.08 16.00
46 15.09 16.00
47 15.10 16.00
48 15.01 16.00
49 15.05 16.00
50 15.11 16.00
51 15.08 16.00
52 15.08 16.00
53 15.11 16.00
54 15.04 16.00
55 15.09 16.00
56 15.06 16.00
57 15.10 16.00
58 15.06 16.00
59 14.96 16.00
60 14.94 16.00
61 15.03 16.00
62 15.07 16.00
63 15.06 16.00
64 15.06 17.00
65 15.06 17.00
66 15.12 17.00
67 15.14 16.00
68 15.13 16.00
69 15.20 16.00
70 15.26 16.00
71 15.37 17.00
72 15.43 17.00
73 15.49 17.00
74 15.53 17.00
75 15.55 18.00
76 15.52 17.00
77 15.42 17.00
78 15.30 17.00
79 15.57 17.00
80 15.56 17.00
81 15.60 17.00
82 15.55 17.00
83 15.49 17.00
84 15.51 17.00
85 15.52 18.00
86 15.47 17.00
87 15.45 17.00
88 15.44 17.00
89 15.41 17.00
90 15.47 17.00
91 15.58 17.00
92 15.72 17.00
93 15.73 17.00
94 15.85 17.00
95 15.92 17.00
96 16.06 17.00
97 16.22 17.00
98 16.23 17.00
99 16.28 17.00
