0 11.17 16.00
1 11.58 16.00
2 12.19 16.00
3 12.49 16.00
4 12.50 16.00
5 12.87 16.00
6 13.39 17.00
7 13.39 17.00
8 13.66 17.00
9 13.74 17.00
10 14.28 17.00
11 14.59 17.00
12 15.22 17.00
13 15.10 18.00
14 15.43 18.00
15 15.52 18.00
16 15.76 18.00
17 15.87 18.00
18 15.98 18.00
19 15.97 18.00
20 15.93 18.00
21 16.04 18.00
22 16.29 18.00
23 16.45 18.00
24 16.45 18.00
25 16.45 18.00
26 16.63 18.00
27 16.64 18.00
28 16.72 18.00
29 16.86 18.00
30 16.88 18.00
31 16.97 18.00
32 17.20 18.00
33 17.32 18.00
34 17.37 18.00
35 17.54 18.00
36 17.59 19.00
37 17.57 19.00
38 17.59 19.00
39 17.54 19.00
40 17.55 19.00
41 17.55 19.00
42 17.57 19.00
43 17.52 19.00
44 17.58 19.00
45 17.65 19.00
46 17.55 19.00
47 17.58 19.00
48 17.61 19.00
49 17.61 19.00
50 17.64 19.00
51 17.73 19.00
52 17.79 19.00
53 17.70 18.00
54 17.75 18.00
55 17.82 18.00
56 17.82 18.00
57 17.74 18.00
58 17.75 18.00
59 17.76 18.00
60 17.81 18.00
61 17.79 18.00
62 17.80 18.00
63 17.79 18.00
64 17.76 18.00
65 17.60 18.00
66 17.66 18.00
67 17.68 19.00
68 17.70 18.00
69 17.67 18.00
70 17.65 18.00
71 17.66 18.00
72 17.72 18.00
73 17.74 18.00
74 17.71 18.00
75 17.72 18.00
76 17.66 18.00
77 17.65 18.00
78 17.69 18.00
79 17.60 19.00
80 17.56 18.00
81 17.54 18.00
82 17.58 18.00
83 17.70 18.00
84 17.62 18.00
85 17.57 18.00
86 17.46 18.00
87 17.36 18.00
88 17.45 18.00
89 17.42 18.00
90 17.55 18.00
91 17.72 18.00
92 17.76 18.00
93 17.83 18.00
94 17.76 18.00
95 17.78 18.00
96 17.81 18.00
97 17.79 18.00
98 17.87 19.00
99 17.82 18.00
