0 10.44 15.00
1 11.03 15.00
2 11.51 15.00
3 11.75 15.00
4 12.13 15.00
5 12.74 15.00
6 12.92 15.00
7 13.19 15.00
8 13.30 16.00
9 13.53 16.00
10 13.72 16.00
11 13.76 16.00
12 13.72 16.00
13 13.89 16.00
14 13.96 16.00
15 14.13 16.00
16 14.30 16.00
17 14.38 16.00
18 14.42 16.00
19 14.46 16.00
20 14.32 15.00
21 14.34 15.00
22 14.38 15.00
23 14.44 15.00
24 14.41 16.00
25 14.42 16.00
26 14.41 16.00
27 14.52 16.00
28 14.60 16.00
29 14.65 16.00
30 14.74 16.00
31 14.76 16.00
32 14.84 16.00
33 14.88 16.00
34 14.91 16.00
35 14.81 16.00
36 14.79 16.00
37 14.72 17.00
38 14.96 17.00
39 15.04 17.00
40 15.09 17.00
41 15.22 17.00
42 15.47 17.00
43 15.64 17.00
44 15.60 17.00
45 15.67 17.00
46 15.69 17.00
47 15.73 17.00
48 15.70 17.00
49 15.64 18.00
50 15.69 17.00
51 15.70 17.00
52 15.74 17.00
53 15.71 17.00
54 15.70 17.00
55 15.85 17.00
56 15.99 18.00
57 16.02 18.00
58 16.04 18.00
59 16.17 18.00
60 16.20 18.00
61 16.22 18.00
62 16.12 18.00
63 16.05 18.00
64 15.96 18.00
65 16.10 18.00
66 16.08 18.00
67 16.03 17.00
68 16.15 17.00
69 16.26 17.00
70 16.24 17.00
71 16.23 17.00
72 16.16 17.00
73 16.14 17.00
74 16.10 17.00
75 16.15 17.00
76 16.14 17.00
77 16.21 17.00
78 16.24 17.00
79 16.40 17.00
80 16.37 18.00
81 16.47 18.00
82 16.51 18.00
83 16.54 18.00
84 16.61 18.00
85 16.64 18.00
86 16.58 18.00
87 16.57 18.00
88 16.50 18.00
89 16.60 18.00
90 16.69 18.00
91 16.63 18.00
92 16.65 18.00
93 16.68 18.00
94 16.62 18.00
95 16.68 18.00
96 16.54 18.00
97 16.63 18.00
98 16.71 18.00
99 16.87 18.00
