0 10.20 15.00
1 10.79 15.00
2 11.33 15.00
3 11.67 15.00
4 12.20 15.00
5 12.47 15.00
6 12.56 15.00
7 12.75 15.00
8 13.01 15.00
9 13.21 15.00
10 13.20 15.00
11 13.53 15.00
12 13.68 15.00
13 13.73 16.00
14 13.70 15.00
15 13.78 15.00
16 13.81 15.00
17 13.92 15.00
18 14.03 15.00
19 14.09 15.00
20 14.16 15.00
21 14.23 15.00
22 14.30 15.00
23 14.42 15.00
24 14.45 15.00
25 14.58 15.00
26 14.60 15.00
27 14.54 15.00
28 14.47 15.00
29 14.60 16.00
30 14.61 16.00
31 14.68 17.00
32 14.76 17.00
33 14.90 17.00
34 14.97 17.00
35 14.88 16.00
36 14.80 16.00
37 14.66 16.00
38 14.66 16.00
39 14.82 16.00
40 14.77 16.00
41 14.81 16.00
42 14.81 16.00
43 14.80 17.00
44 14.93 17.00
45 14.98 16.00
46 15.14 16.00
47 15.07 16.00
48 15.03 16.00
49 14.98 17.00
50 15.06 17.00
51 15.15 17.00
52 15.25 16.00
53 15.17 16.00
54 15.22 16.00
55 15.22 16.00
56 15.23 16.00
57 15.35 16.00
58 15.32 17.00
59 15.39 17.00
60 15.43 17.00
61 15.48 17.00
62 15.48 17.00
63 15.52 17.00
64 15.55 17.00
65 15.51 17.00
66 15.61 17.00
67 15.69 17.00
68 15.71 18.00
69 15.68 18.00
70 15.79 18.00
71 15.85 18.00
72 15.98 18.00
73 16.06 18.00
74 16.01 18.00
75 16.03 18.00
76 16.14 18.00
77 16.22 18.00
78 16.34 19.00
79 16.29 19.00
80 16.25 18.00
81 16.22 18.00
82 16.27 18.00
83 16.26 18.00
84 16.26 18.00
85 16.31 18.00
86 16.33 18.00
87 16.28 18.00
88 16.35 18.00
89 16.40 18.00
90 16.50 18.00
91 16.66 18.00
92 16.73 19.00
93 16.74 18.00
94 16.68 18.00
95 16.91 18.00
96 16.88 18.00
97 16.85 18.00
98 17.05 18.00
99 17.16 19.00
