0 10.88 15.00
1 11.20 15.00
2 11.63 15.00
3 12.35 16.00
4 12.99 16.00
5 13.73 16.00
6 14.03 16.00
7 14.30 16.00
8 14.71 16.00
9 14.79 16.00
10 14.84 16.00
11 14.92 16.00
12 14.84 16.00
13 14.85 16.00
14 14.86 16.00
15 14.90 16.00
16 14.97 16.00
17 15.12 16.00
18 15.29 17.00
19 15.24 17.00
20 15.17 16.00
21 15.27 17.00
22 15.16 17.00
23 15.07 17.00
24 15.09 17.00
25 15.12 17.00
26 15.10 17.00
27 15.23 17.00
28 15.29 17.00
29 15.15 17.00
30 15.24 17.00
31 15.33 17.00
32 15.50 17.00
33 15.44 17.00
34 15.48 17.00
35 15.42 17.00
36 15.38 17.00
37 15.52 17.00
38 15.47 17.00
39 15.48 17.00
40 15.60 17.00
41 15.85 17.00
42 15.91 17.00
43 15.91 17.00
44 15.93 17.00
45 15.98 17.00
46 15.99 17.00
47 16.19 17.00
48 16.26 17.00
49 16.40 17.00
50 16.47 17.00
51 16.38 17.00
52 16.49 17.00
53 16.52 17.00
54 16.63 17.00
55 16.66 17.00
56 16.60 17.00
57 16.55 17.00
58 16.67 17.00
59 16.57 17.00
60 16.71 17.00
61 16.77 17.00
62 16.81 17.00
63 16.86 18.00
64 16.83 18.00
65 16.80 18.00
66 16.86 18.00
67 16.92 18.00
68 16.94 18.00
69 16.96 19.00
70 16.98 18.00
71 16.93 17.00
72 16.92 17.00
73 16.92 18.00
74 16.90 18.00
75 16.93 18.00
76 16.87 18.00
77 16.88 17.00
78 16.90 18.00
79 16.84 18.00
80 16.88 18.00
81 16.88 18.00
82 16.86 18.00
83 16.84 17.00
84 16.79 18.00
85 16.82 17.00
86 16.78 18.00
87 16.73 18.00
88 16.70 18.00
89 16.72 18.00
90 16.56 18.00
91 16.61 18.00
92 16.59 18.00
93 16.62 18.00
94 16.66 18.00
95 16.69 18.00
96 16.83 18.00
97 16.90 18.00
98 16.91 18.00
99 16.76 18.00
