0 11.05 15.00
1 11.31 15.00
2 11.78 15.00
3 12.14 15.00
4 12.51 15.00
5 12.46 15.00
6 12.96 15.00
7 13.09 15.00
8 12.98 15.00
9 13.11 15.00
10 13.24 15.00
11 13.29 15.00
12 13.60 15.00
13 14.02 15.00
14 14.09 16.00
15 14.30 16.00
16 14.31 16.00
17 14.48 16.00
18 14.50 16.00
19 14.44 16.00
20 14.53 16.00
21 14.81 16.00
22 14.86 16.00
23 14.77 16.00
24 14.79 16.00
25 14.84 16.00
26 14.88 16.00
27 14.88 16.00
28 14.91 16.00
29 14.89 16.00
30 14.88 16.00
31 14.89 16.00
32 14.87 16.00
33 14.87 16.00
34 14.96 16.00
35 15.07 16.00
36 15.12 16.00
37 15.11 16.00
38 15.12 16.00
39 15.07 16.00
40 14.99 16.00
41 14.93 16.00
42 15.02 16.00
43 14.98 16.00
44 14.84 16.00
45 14.77 16.00
46 14.71 16.00
47 14.73 16.00
48 14.70 16.00
49 14.71 16.00
50 14.72 16.00
51 14.76 16.00
52 14.55 16.00
53 14.65 16.00
54 14.72 16.00
55 14.71 16.00
56 14.72 16.00
57 14.73 16.00
58 14.80 16.00
59 14.66 16.00
60 14.74 16.00
61 14.72 16.00
62 14.81 16.00
63 14.83 16.00
64 14.82 16.00
65 14.88 16.00
66 14.90 16.00
67 14.90 16.00
68 14.97 16.00
69 14.93 16.00
70 14.95 16.00
71 14.91 16.00
72 14.93 16.00
73 14.96 16.00
74 14.98 16.00
75 14.99 16.00
76 15.03 16.00
77 15.08 17.00
78 15.04 17.00
79 15.05 17.00
80 15.11 17.00
81 15.05 17.00
82 15.07 17.00
83 15.03 17.00
84 15.03 17.00
85 15.00 17.00
86 14.88 16.00
87 14.93 15.00
88 14.95 16.00
89 14.98 16.00
90 14.99 16.00
91 14.94 16.00
92 14.98 16.00
93 14.96 16.00
94 14.99 16.00
95 14.97 16.00
96 15.01 16.00
97 15.02 16.00
98 15.09 16.00
99 15.10 16.00
