0 10.11 13.00
1 10.51 13.00
2 10.73 13.00
3 11.04 13.00
4 11.28 13.00
5 11.33 13.00
6 11.60 13.00
7 11.75 13.00
8 11.88 13.00
9 11.75 13.00
10 12.00 13.00
11 12.01 13.00
12 12.08 13.00
13 12.21 13.00
14 12.30 14.00
15 12.34 14.00
16 12.49 14.00
17 12.51 14.00
18 12.55 14.00
19 12.59 14.00
20 12.67 14.00
21 12.80 14.00
22 12.79 14.00
23 13.00 15.00
24 13.12 15.00
25 13.15 15.00
26 13.11 15.00
27 13.07 15.00
28 13.12 15.00
29 13.09 15.00
30 13.15 15.00
31 13.29 15.00
32 13.25 15.00
33 13.21 15.00
34 13.28 15.00
35 13.26 15.00
36 13.31 15.00
37 13.30 16.00
38 13.32 16.00
39 13.37 16.00
40 13.29 16.00
41 13.35 16.00
42 13.40 16.00
43 13.34 16.00
44 13.38 16.00
45 13.55 16.00
46 13.78 16.00
47 13.78 16.00
48 13.89 16.00
49 13.97 16.00
50 14.18 16.00
51 14.25 16.00
52 14.19 15.00
53 13.97 15.00
54 14.17 15.00
55 14.16 15.00
56 14.30 15.00
57 14.31 16.00
58 14.35 16.00
59 14.41 16.00
60 14.36 16.00
61 14.36 15.00
62 14.29 16.00
63 14.29 15.00
64 14.24 15.00
65 14.35 16.00
66 14.43 16.00
67 14.39 16.00
68 14.46 16.00
69 14.47 16.00
70 14.45 15.00
71 14.41 15.00
72 14.36 16.00
73 14.41 15.00
74 14.51 15.00
75 14.45 15.00
76 14.65 16.00
77 14.63 16.00
78 14.66 16.00
79 14.75 16.00
80 14.78 16.00
81 14.81 15.00
82 14.76 15.00
83 14.79 15.00
84 14.78 15.00
85 14.74 16.00
86 14.76 16.00
87 14.72 15.00
88 14.72 15.00
89 14.63 16.00
90 14.73 16.00
91 14.70 16.00
92 14.62 16.00
93 14.85 16.00
94 14.75 16.00
95 14.92 17.00
96 14.91 17.00
97 14.95 17.00
98 15.13 18.00
99 15.19 18.00
