0 10.43 15.00
1 10.49 15.00
2 10.99 15.00
3 11.36 15.00
4 11.90 15.00
5 12.27 15.00
6 12.72 15.00
7 13.26 15.00
8 13.66 15.00
9 14.03 15.00
10 14.00 15.00
11 14.10 15.00
12 14.13 15.00
13 14.17 16.00
14 14.27 16.00
15 14.29 16.00
16 14.28 16.00
17 14.35 16.00
18 14.35 16.00
19 14.33 16.00
20 14.35 16.00
21 14.42 16.00
22 14.64 16.00
23 14.69 17.00
24 14.75 16.00
25 14.71 16.00
26 14.71 16.00
27 14.83 16.00
28 14.91 16.00
29 14.94 16.00
30 15.10 16.00
31 15.24 16.00
32 15.45 16.00
33 15.51 16.00
34 15.60 16.00
35 15.63 17.00
36 15.60 17.00
37 15.69 17.00
38 15.80 17.00
39 15.91 17.00
40 15.85 17.00
41 15.86 17.00
42 15.76 17.00
43 15.73 17.00
44 15.87 17.00
45 15.85 17.00
46 15.76 17.00
47 15.58 17.00
48 15.67 17.00
49 15.54 17.00
50 15.71 17.00
51 15.63 17.00
52 15.81 17.00
53 15.81 17.00
54 15.80 17.00
55 15.83 17.00
56 15.78 17.00
57 15.92 17.00
58 16.04 17.00
59 16.13 17.00
60 16.27 17.00
61 16.30 17.00
62 16.33 17.00
63 16.30 17.00
64 16.23 17.00
65 16.30 17.00
66 16.47 17.00
67 16.43 17.00
68 16.45 17.00
69 16.51 17.00
70 16.61 17.00
71 16.56 17.00
72 16.42 17.00
73 16.37 17.00
74 16.51 17.00
75 16.53 17.00
76 16.64 17.00
77 16.60 17.00
78 16.64 18.00
79 16.63 18.00
80 16.56 17.00
81 16.51 17.00
82 16.54 17.00
83 16.49 17.00
84 16.52 17.00
85 16.50 17.00
86 16.64 17.00
87 16.67 18.00
88 16.64 18.00
89 16.76 18.00
90 16.72 17.00
91 16.78 17.00
92 16.72 17.00
93 16.76 17.00
94 16.89 17.00
95 16.89 17.00
96 16.91 18.00
97 16.83 17.00
98 16.83 17.00
99 16.83 17.00
