0 10.27 15.00
1 10.81 14.00
2 11.24 14.00
3 11.49 14.00
4 11.61 14.00
5 11.85 13.00
6 11.80 13.00
7 11.92 13.00
8 12.04 13.00
9 12.15 13.00
10 12.11 13.00
11 12.10 14.00
12 12.10 14.00
13 12.18 14.00
14 12.20 14.00
15 12.37 14.00
16 12.48 14.00
17 12.57 14.00
18 12.71 15.00
19 12.79 15.00
20 12.68 14.00
21 12.77 14.00
22 12.92 15.00
23 12.90 14.00
24 12.90 14.00
25 12.82 15.00
26 12.99 15.00
27 13.10 15.00
28 13.29 15.00
29 13.53 15.00
30 13.47 15.00
31 13.41 15.00
32 13.57 15.00
33 13.63 15.00
34 13.74 15.00
35 13.89 15.00
36 13.94 15.00
37 13.95 15.00
38 14.09 15.00
39 14.11 15.00
40 14.32 16.00
41 14.29 16.00
42 14.35 16.00
43 14.49 16.00
44 14.54 16.00
45 14.52 15.00
46 14.42 15.00
47 14.59 16.00
48 14.61 16.00
49 14.49 16.00
50 14.50 16.00
51 14.64 16.00
52 14.62 16.00
53 14.65 16.00
54 14.59 16.00
55 14.62 16.00
56 14.71 16.00
57 14.61 16.00
58 14.63 16.00
59 14.53 16.00
60 14.51 16.00
61 14.55 17.00
62 14.65 16.00
63 14.55 16.00
64 14.73 16.00
65 14.71 16.00
66 14.81 16.00
67 14.89 16.00
68 15.01 16.00
69 15.03 16.00
70 15.07 16.00
71 15.01 16.00
72 15.06 16.00
73 15.19 16.00
74 15.28 16.00
75 15.16 16.00
76 15.27 17.00
77 15.29 17.00
78 15.39 17.00
79 15.44 16.00
80 15.45 17.00
81 15.38 17.00
82 15.46 17.00
83 15.46 17.00
84 15.50 17.00
85 15.43 16.00
86 15.38 16.00
87 15.44 16.00
88 15.46 16.00
89 15.44 16.00
90 15.45 16.00
91 15.36 16.00
92 15.30 16.00
93 15.26 16.00
94 15.32 16.00
95 15.31 16.00
96 15.28 16.00
97 15.22 16.00
98 15.28 17.00
99 15.27 17.00
