0 10.49 15.00
1 10.52 15.00
2 10.94 15.00
3 11.24 14.00
4 11.40 14.00
5 11.87 14.00
6 12.05 14.00
7 12.14 14.00
8 12.32 14.00
9 12.53 14.00
10 12.68 14.00
11 12.70 14.00
12 12.72 14.00
13 12.68 14.00
14 12.64 14.00
15 12.72 14.00
16 12.83 14.00
17 12.92 14.00
18 12.99 15.00
19 12.96 14.00
20 13.00 15.00
21 13.13 15.00
22 13.19 15.00
23 13.37 15.00
24 13.32 15.00
25 13.24 15.00
26 13.31 15.00
27 13.41 15.00
28 13.35 15.00
29 13.39 15.00
30 13.55 15.00
31 13.54 15.00
32 13.68 15.00
33 13.78 15.00
34 13.82 15.00
35 13.76 15.00
36 13.83 16.00
37 13.93 16.00
38 13.93 16.00
39 14.09 16.00
40 14.22 16.00
41 14.20 16.00
42 14.10 16.00
43 14.17 16.00
44 14.29 16.00
45 14.35 16.00
46 14.33 16.00
47 14.26 16.00
48 14.25 16.00
49 14.25 16.00
50 14.13 16.00
51 14.14 16.00
52 14.16 16.00
53 14.23 16.00
54 14.22 16.00
55 14.14 16.00
56 14.13 16.00
57 14.11 16.00
58 14.14 16.00
59 14.14 15.00
60 14.15 15.00
61 14.22 15.00
62 14.29 15.00
63 14.28 15.00
64 14.27 15.00
65 14.25 15.00
66 14.31 16.00
67 14.45 16.00
68 14.50 16.00
69 14.48 16.00
70 14.44 16.00
71 14.55 16.00
72 14.77 16.00
73 14.82 16.00
74 14.84 16.00
75 14.91 16.00
76 14.95 16.00
77 14.90 16.00
78 14.93 16.00
79 15.04 17.00
80 15.12 17.00
81 15.10 17.00
82 15.16 17.00
83 15.14 17.00
84 15.35 17.00
85 15.41 17.00
86 15.42 17.00
87 15.51 17.00
88 15.68 17.00
89 15.69 17.00
90 15.61 17.00
91 15.66 17.00
92 15.75 17.00
93 15.69 17.00
94 15.72 17.00
95 15.61 17.00
96 15.60 17.00
97 15.65 17.00
98 15.75 17.00
99 15.77 17.00
