0 10.62 16.00
1 10.97 16.00
2 11.21 16.00
3 11.90 16.00
4 12.69 16.00
5 13.32 17.00
6 13.69 17.00
7 14.05 16.00
8 14.32 16.00
9 14.30 16.00
10 14.25 16.00
11 14.43 16.00
12 14.84 16.00
13 15.09 16.00
14 15.14 16.00
15 15.21 17.00
16 15.40 17.00
17 15.49 17.00
18 15.54 17.00
19 15.51 18.00
20 15.40 17.00
21 15.44 17.00
22 15.38 17.00
23 15.50 17.00
24 15.59 17.00
25 15.48 17.00
26 15.54 17.00
27 15.50 17.00
28 15.50 17.00
29 15.52 17.00
30 15.55 17.00
31 15.72 17.00
32 15.66 17.00
33 15.61 16.00
34 15.70 16.00
35 15.66 16.00
36 15.71 16.00
37 15.75 16.00
38 15.77 16.00
39 15.73 17.00
40 15.72 16.00
41 15.81 16.00
42 15.80 16.00
43 15.82 16.00
44 15.79 16.00
45 15.70 16.00
46 15.61 17.00
47 15.64 17.00
48 15.77 17.00
49 15.77 17.00
50 15.79 17.00
51 15.74 17.00
52 15.68 17.00
53 15.71 17.00
54 15.76 17.00
55 15.79 17.00
56 15.82 17.00
57 15.82 17.00
58 15.90 17.00
59 15.87 18.00
60 15.75 18.00
61 15.64 17.00
62 15.58 17.00
63 15.64 17.00
64 15.56 17.00
65 15.64 17.00
66 15.63 17.00
67 15.48 17.00
68 15.58 17.00
69 15.60 17.00
70 15.56 17.00
71 15.82 17.00
72 15.74 17.00
73 15.60 17.00
74 15.68 17.00
75 15.83 17.00
76 16.00 18.00
77 16.02 18.00
78 16.13 18.00
79 16.33 18.00
80 16.39 18.00
81 16.40 17.00
82 16.51 17.00
83 16.55 17.00
84 16.62 17.00
85 16.65 17.00
86 16.65 17.00
87 16.67 17.00
88 16.80 17.00
89 16.84 18.00
90 16.85 18.00
91 16.84 17.00
92 16.77 17.00
93 16.76 18.00
94 16.77 17.00
95 16.71 17.00
96 16.75 17.00
97 16.75 17.00
98 16.81 17.00
99 16.78 17.00
