0 10.36 15.00
1 10.80 15.00
2 11.09 15.00
3 11.41 15.00
4 11.83 16.00
5 12.47 16.00
6 12.62 16.00
7 13.04 16.00
8 13.13 16.00
9 13.32 16.00
10 13.37 16.00
11 13.86 16.00
12 14.13 16.00
13 14.56 16.00
14 14.67 16.00
15 14.91 16.00
16 14.98 16.00
17 15.03 16.00
18 15.03 16.00
19 15.18 16.00
20 15.18 16.00
21 15.27 16.00
22 15.23 16.00
23 15.28 16.00
24 15.24 16.00
25 15.28 16.00
26 15.34 16.00
27 15.32 16.00
28 15.26 16.00
29 15.23 16.00
30 15.15 16.00
31 15.22 16.00
32 15.29 16.00
33 15.24 16.00
34 15.28 16.00
35 15.15 16.00
36 15.23 16.00
37 15.07 16.00
38 15.07 16.00
39 14.96 16.00
40 14.94 17.00
41 15.04 17.00
42 15.18 17.00
43 15.26 17.00
44 15.25 17.00
45 15.28 17.00
46 15.32 17.00
47 15.18 17.00
48 15.27 17.00
49 15.25 17.00
50 15.29 17.00
51 15.41 17.00
52 15.51 17.00
53 15.53 17.00
54 15.73 17.00
55 15.86 17.00
56 15.90 17.00
57 15.90 17.00
58 15.93 17.00
59 16.10 17.00
60 16.20 17.00
61 16.20 18.00
62 16.30 18.00
63 16.26 18.00
64 16.26 18.00
65 16.37 18.00
66 16.42 18.00
67 16.41 18.00
68 16.50 18.00
69 16.44 18.00
70 16.45 18.00
71 16.35 18.00
72 16.35 18.00
73 16.34 18.00
74 16.29 17.00
75 16.31 18.00
76 16.51 18.00
77 16.55 17.00
78 16.56 18.00
79 16.55 18.00
80 16.64 18.00
81 16.69 18.00
82 16.67 18.00
83 16.74 18.00
84 16.82 18.00
85 16.78 17.00
86 16.80 17.00
87 16.83 18.00
88 16.77 17.00
89 16.68 17.00
90 16.70 17.00
91 16.66 17.00
92 16.67 17.00
93 16.73 17.00
94 16.60 17.00
95 16.57 17.00
96 16.58 17.00
97 16.53 17.00
98 16.57 18.00
99 16.42 18.00
