0 10.51 15.00
1 11.00 16.00
2 11.58 16.00
3 11.94 15.00
4 12.57 15.00
5 12.91 15.00
6 13.23 16.00
7 13.34 15.00
8 13.72 15.00
9 14.00 15.00
10 14.19 15.00
11 14.38 16.00
12 14.54 16.00
13 14.46 15.00
14 14.38 15.00
15 14.47 15.00
16 14.51 15.00
17 14.49 15.00
18 14.49 15.00
19 14.50 16.00
20 14.49 16.00
21 14.57 16.00
22 14.57 16.00
23 14.39 16.00
24 14.52 16.00
25 14.59 16.00
26 14.71 16.00
27 14.83 16.00
28 14.81 16.00
29 14.90 17.00
30 14.95 17.00
31 14.99 17.00
32 15.08 17.00
33 15.13 17.00
34 15.13 17.00
35 15.12 17.00
36 15.17 17.00
37 15.17 17.00
38 15.22 17.00
39 15.28 18.00
40 15.39 18.00
41 15.45 17.00
42 15.35 17.00
43 15.44 17.00
44 15.47 17.00
45 15.54 17.00
46 15.43 17.00
47 15.48 17.00
48 15.59 17.00
49 15.62 17.00
50 15.86 17.00
51 15.78 17.00
52 16.01 17.00
53 15.93 17.00
54 16.00 17.00
55 16.18 17.00
56 16.15 17.00
57 16.20 17.00
58 16.18 17.00
59 16.15 17.00
60 16.24 17.00
61 16.23 17.00
62 16.37 17.00
63 16.54 17.00
64 16.59 17.00
65 16.47 18.00
66 16.55 18.00
67 16.70 18.00
68 16.76 18.00
69 16.76 18.00
70 16.79 18.00
71 16.88 18.00
72 16.88 18.00
73 16.90 18.00
74 16.76 18.00
75 16.72 18.00
76 16.69 18.00
77 16.72 18.00
78 16.79 18.00
79 16.73 18.00
80 16.72 18.00
81 16.73 18.00
82 16.61 18.00
83 16.45 18.00
84 16.41 18.00
85 16.34 18.00
86 16.35 18.00
87 16.34 18.00
88 16.40 18.00
89 16.52 18.00
90 16.58 18.00
91 16.69 18.00
92 16.82 18.00
93 16.91 18.00
94 17.00 18.00
95 17.18 18.00
96 17.19 18.00
97 17.16 18.00
98 17.29 18.00
99 17.44 18.00
