0 10.51 14.00
1 10.81 14.00
2 11.10 14.00
3 11.18 14.00
4 11.57 14.00
5 12.02 14.00
6 12.28 14.00
7 12.52 14.00
8 12.51 14.00
9 12.43 14.00
10 12.62 14.00
11 12.70 14.00
12 12.83 14.00
13 12.91 14.00
14 12.98 15.00
15 13.13 15.00
16 13.17 15.00
17 13.19 15.00
18 13.33 15.00
19 13.43 15.00
20 13.34 15.00
21 13.47 15.00
22 13.58 16.00
23 13.65 16.00
24 13.62 16.00
25 13.79 16.00
26 13.87 16.00
27 13.83 16.00
28 14.05 16.00
29 14.02 16.00
30 14.15 16.00
31 14.31 16.00
32 14.28 16.00
33 14.26 16.00
34 14.41 16.00
35 14.42 16.00
36 14.56 16.00
37 14.54 16.00
38 14.70 16.00
39 14.67 16.00
40 14.65 16.00
41 14.69 16.00
42 14.71 16.00
43 14.71 16.00
44 14.68 16.00
45 14.57 16.00
46 14.67 16.00
47 14.72 16.00
48 14.67 16.00
49 14.69 16.00
50 14.69 16.00
51 14.78 16.00
52 14.72 16.00
53 14.63 16.00
54 14.64 16.00
55 14.62 16.00
56 14.62 16.00
57 14.64 16.00
58 14.85 16.00
59 15.05 16.00
60 15.04 16.00
61 15.13 17.00
62 15.13 17.00
63 15.18 17.00
64 15.23 17.00
65 15.20 17.00
66 15.28 17.00
67 15.22 17.00
68 15.12 17.00
69 15.04 16.00
70 15.14 16.00
71 15.21 17.00
72 15.22 17.00
73 15.25 17.00
74 15.32 17.00
75 15.31 17.00
76 15.45 17.00
77 15.63 17.00
78 15.75 17.00
79 15.84 17.00
80 15.95 17.00
81 15.93 17.00
82 15.96 18.00
83 16.19 18.00
84 16.43 18.00
85 16.41 18.00
86 16.39 18.00
87 16.47 18.00
88 16.55 18.00
89 16.65 18.00
90 16.72 18.00
91 16.73 18.00
92 16.72 18.00
93 16.72 18.00
94 16.72 18.00
95 16.79 18.00
96 16.84 18.00
97 16.82 18.00
98 16.96 18.00
99 16.97 18.00
