0 10.45 15.00
1 10.87 15.00
2 11.15 15.00
3 11.42 15.00
4 11.89 15.00
5 12.39 15.00
6 12.96 15.00
7 13.06 15.00
8 13.40 15.00
9 13.46 15.00
10 13.34 15.00
11 13.61 15.00
12 13.88 16.00
13 13.91 16.00
14 14.00 16.00
15 14.22 16.00
16 14.22 16.00
17 14.18 15.00
18 14.10 15.00
19 14.18 15.00
20 14.17 15.00
21 14.14 15.00
22 14.24 15.00
23 14.25 15.00
24 14.51 16.00
25 14.58 16.00
26 14.67 16.00
27 14.71 16.00
28 14.77 16.00
29 14.82 16.00
30 14.79 16.00
31 14.91 16.00
32 14.94 16.00
33 14.98 16.00
34 15.00 16.00
35 15.08 16.00
36 15.14 16.00
37 15.08 16.00
38 15.06 17.00
39 15.05 16.00
40 15.10 16.00
41 15.18 17.00
42 15.16 17.00
43 15.22 17.00
44 15.22 17.00
45 15.19 17.00
46 15.19 17.00
47 15.28 17.00
48 15.23 17.00
49 15.23 17.00
50 15.23 17.00
51 15.12 17.00
52 15.21 17.00
53 15.10 17.00
54 15.23 17.00
55 15.21 17.00
56 15.20 17.00
57 15.32 17.00
58 15.19 17.00
59 15.22 17.00
60 15.28 17.00
61 15.27 17.00
62 15.48 17.00
63 15.61 17.00
64 15.46 17.00
65 15.48 17.00
66 15.60 17.00
67 15.70 17.00
68 15.53 17.00
69 15.71 17.00
70 15.67 18.00
71 15.82 17.00
72 15.98 17.00
73 16.04 17.00
74 16.14 17.00
75 16.23 17.00
76 16.14 17.00
77 16.27 17.00
78 16.28 17.00
79 16.30 17.00
80 16.36 17.00
81 16.31 17.00
82 16.32 17.00
83 16.20 17.00
84 16.31 17.00
85 16.22 17.00
86 16.14 17.00
87 16.38 17.00
88 16.45 18.00
89 16.51 18.00
90 16.45 18.00
91 16.57 18.00
92 16.58 18.00
93 16.54 18.00
94 16.54 18.00
95 16.43 18.00
96 16.34 18.00
97 16.46 18.00
98 16.51 18.00
99 16.55 18.00
