0 10.48 16.00
1 10.93 16.00
2 11.32 16.00
3 11.81 16.00
4 12.03 16.00
5 12.73 16.00
6 13.48 16.00
7 13.91 16.00
8 14.35 16.00
9 14.82 16.00
10 14.83 16.00
11 14.96 16.00
12 15.19 16.00
13 15.43 17.00
14 15.39 17.00
15 15.39 17.00
16 15.47 16.00
17 15.66 17.00
18 15.51 16.00
19 15.44 16.00
20 15.44 16.00
21 15.42 16.00
22 15.45 16.00
23 15.39 16.00
24 15.48 16.00
25 15.64 17.00
26 15.66 17.00
27 15.58 16.00
28 15.57 16.00
29 15.57 16.00
30 15.58 17.00
31 15.62 17.00
32 15.52 17.00
33 15.60 17.00
34 15.59 17.00
35 15.57 17.00
36 15.60 17.00
37 15.75 17.00
38 15.80 17.00
39 15.83 17.00
40 15.81 17.00
41 15.82 17.00
42 15.79 17.00
43 15.79 17.00
44 15.86 17.00
45 15.91 17.00
46 15.94 17.00
47 15.92 17.00
48 15.91 17.00
49 15.91 17.00
50 15.97 17.00
51 15.92 17.00
52 16.00 17.00
53 15.97 17.00
54 15.96 17.00
55 16.00 17.00
56 16.03 17.00
57 16.12 17.00
58 16.14 17.00
59 16.14 17.00
60 16.18 17.00
61 16.22 17.00
62 16.23 17.00
63 16.16 17.00
64 16.23 17.00
65 16.25 17.00
66 16.15 17.00
67 16.14 17.00
68 16.15 17.00
69 16.19 17.00
70 16.32 17.00
71 16.38 17.00
72 16.38 17.00
73 16.37 17.00
74 16.42 17.00
75 16.29 17.00
76 16.28 17.00
77 16.25 17.00
78 16.32 17.00
79 16.34 17.00
80 16.32 17.00
81 16.33 17.00
82 16.35 17.00
83 16.39 17.00
84 16.41 17.00
85 16.46 17.00
86 16.47 17.00
87 16.39 17.00
88 16.43 18.00
89 16.43 18.00
90 16.53 18.00
91 16.47 18.00
92 16.51 18.00
93 16.65 18.00
94 16.75 18.00
95 16.81 18.00
96 16.82 18.00
97 16.85 18.00
98 17.01 18.00
99 17.14 18.00
