0 10.30 15.00
1 10.85 15.00
2 11.23 15.00
3 11.40 15.00
4 11.50 15.00
5 11.90 15.00
6 12.15 15.00
7 12.27 15.00
8 12.47 15.00
9 12.90 15.00
10 13.03 15.00
11 13.26 15.00
12 13.41 15.00
13 13.64 15.00
14 13.53 15.00
15 13.46 15.00
16 13.52 16.00
17 13.59 16.00
18 13.65 15.00
19 13.85 15.00
20 13.77 15.00
21 13.95 16.00
22 13.94 16.00
23 14.09 16.00
24 14.09 16.00
25 14.10 16.00
26 14.06 16.00
27 14.10 15.00
28 14.01 15.00
29 14.07 15.00
30 14.16 15.00
31 14.30 16.00
32 14.36 15.00
33 14.40 15.00
34 14.56 15.00
35 14.62 15.00
36 14.59 15.00
37 14.62 15.00
38 14.60 15.00
39 14.60 15.00
40 14.63 15.00
41 14.63 15.00
42 14.68 16.00
43 14.74 16.00
44 14.73 16.00
45 14.70 16.00
46 14.68 15.00
47 14.78 15.00
48 14.74 15.00
49 14.69 15.00
50 14.66 15.00
51 14.69 15.00
52 14.72 15.00
53 14.71 15.00
54 14.70 15.00
55 14.72 15.00
56 14.72 15.00
57 14.72 15.00
58 14.69 15.00
59 14.76 15.00
60 14.81 16.00
61 14.79 16.00
62 14.75 16.00
63 14.74 16.00
64 14.78 16.00
65 14.76 16.00
66 14.74 16.00
67 14.78 16.00
68 14.80 16.00
69 14.76 16.00
70 14.73 16.00
71 14.73 16.00
72 14.80 16.00
73 14.74 16.00
74 14.86 16.00
75 14.91 16.00
76 14.90 16.00
77 14.97 16.00
78 14.99 16.00
79 14.93 16.00
80 14.93 16.00
81 15.00 16.00
82 15.02 17.00
83 15.01 16.00
84 15.05 16.00
85 15.02 16.00
86 14.91 16.00
87 14.85 16.00
88 14.83 16.00
89 14.85 16.00
90 14.91 17.00
91 14.87 17.00
92 14.85 17.00
93 14.79 17.00
94 14.75 17.00
95 14.81 17.00
96 14.89 17.00
97 14.73 16.00
98 14.83 16.00
99 14.90 17.00
