0 10.18 15.00
1 10.82 15.00
2 10.96 14.00
3 11.54 14.00
4 11.86 14.00
5 12.10 14.00
6 12.20 15.00
7 12.29 15.00
8 12.52 15.00
9 12.88 15.00
10 13.21 15.00
11 13.42 15.00
12 13.62 15.00
13 13.69 15.00
14 13.78 15.00
15 13.76 15.00
16 13.64 15.00
17 13.70 15.00
18 13.78 15.00
19 13.77 15.00
20 13.83 15.00
21 13.88 15.00
22 13.83 15.00
23 13.86 15.00
24 13.84 15.00
25 13.89 14.00
26 13.87 15.00
27 13.87 15.00
28 13.92 15.00
29 14.00 15.00
30 13.95 15.00
31 13.99 15.00
32 13.89 15.00
33 13.96 15.00
34 13.94 15.00
35 13.94 15.00
36 13.93 15.00
37 13.92 15.00
38 13.97 15.00
39 13.89 15.00
40 13.96 15.00
41 14.00 15.00
42 13.94 15.00
43 13.96 15.00
44 14.00 15.00
45 14.05 15.00
46 14.09 16.00
47 14.12 16.00
48 14.25 16.00
49 14.22 16.00
50 14.14 16.00
51 14.17 16.00
52 14.18 15.00
53 14.25 15.00
54 14.31 16.00
55 14.28 16.00
56 14.22 16.00
57 14.20 16.00
58 14.23 16.00
59 14.25 16.00
60 14.34 16.00
61 14.40 16.00
62 14.40 16.00
63 14.44 16.00
64 14.42 15.00
65 14.46 16.00
66 14.42 16.00
67 14.36 16.00
68 14.53 16.00
69 14.59 16.00
70 14.66 16.00
71 14.72 16.00
72 14.77 16.00
73 14.77 16.00
74 14.81 16.00
75 14.88 16.00
76 14.93 16.00
77 14.99 16.00
78 15.04 16.00
79 15.08 16.00
80 14.98 16.00
81 15.02 16.00
82 15.18 16.00
83 15.24 16.00
84 15.33 16.00
85 15.39 16.00
86 15.37 16.00
87 15.42 16.00
88 15.47 16.00
89 15.45 16.00
90 15.47 16.00
91 15.51 17.00
92 15.61 17.00
93 15.62 17.00
94 15.61 17.00
95 15.65 17.00
96 15.65 17.00
97 15.72 17.00
98 15.68 18.00
99 15.79 18.00
