0 10.04 14.00
1 10.84 14.00
2 11.25 14.00
3 12.05 14.00
4 12.13 14.00
5 12.15 14.00
6 12.14 14.00
7 12.50 14.00
8 12.92 14.00
9 12.99 14.00
10 13.12 15.00
11 13.13 15.00
12 13.22 15.00
13 13.37 15.00
14 13.39 15.00
15 13.39 14.00
16 13.52 15.00
17 13.57 15.00
18 13.67 15.00
19 13.52 15.00
20 13.61 15.00
21 13.70 15.00
22 13.69 15.00
23 13.67 15.00
24 13.90 15.00
25 13.96 15.00
26 13.92 15.00
27 13.85 16.00
28 13.88 16.00
29 13.86 16.00
30 13.96 16.00
31 13.90 16.00
32 13.93 16.00
33 13.95 15.00
34 13.90 15.00
35 14.02 15.00
36 14.10 15.00
37 14.08 15.00
38 14.26 15.00
39 14.21 15.00
40 14.17 15.00
41 14.21 15.00
42 14.31 15.00
43 14.32 15.00
44 14.44 15.00
45 14.56 15.00
46 14.53 15.00
47 14.61 16.00
48 14.60 16.00
49 14.63 16.00
50 14.68 16.00
51 14.62 16.00
52 14.63 16.00
53 14.72 16.00
54 14.76 16.00
55 14.82 16.00
56 14.79 16.00
57 14.90 16.00
58 14.92 16.00
59 14.95 16.00
60 14.98 16.00
61 14.97 16.00
62 15.06 17.00
63 15.13 17.00
64 15.18 17.00
65 15.15 16.00
66 15.12 16.00
67 15.11 16.00
68 15.09 16.00
69 15.07 16.00
70 15.13 16.00
71 15.14 16.00
72 15.20 16.00
73 15.20 16.00
74 15.30 16.00
75 15.29 16.00
76 15.41 16.00
77 15.45 17.00
78 15.41 16.00
79 15.32 16.00
80 15.33 16.00
81 15.33 16.00
82 15.25 16.00
83 15.32 17.00
84 15.25 17.00
85 15.35 17.00
86 15.28 17.00
87 15.46 17.00
88 15.50 17.00
89 15.61 17.00
90 15.78 17.00
91 15.82 17.00
92 15.95 17.00
93 16.09 17.00
94 15.93 17.00
95 15.95 17.00
96 16.04 17.00
97 16.14 18.00
98 16.15 18.00
99 16.17 18.00
