0 10.23 18.00
1 11.13 18.00
2 11.73 18.00
3 12.37 18.00
4 13.46 18.00
5 13.99 18.00
6 14.77 18.00
7 15.41 18.00
8 16.14 18.00
9 16.21 18.00
10 16.15 18.00
11 16.78 18.00
12 17.08 18.00
13 17.35 19.00
14 17.44 19.00
15 17.39 19.00
16 17.48 19.00
17 17.46 19.00
18 17.52 19.00
19 17.60 19.00
20 17.63 19.00
21 17.73 19.00
22 17.52 19.00
23 17.50 19.00
24 17.56 19.00
25 17.68 19.00
26 17.65 19.00
27 17.68 19.00
28 17.67 19.00
29 17.83 19.00
30 17.78 19.00
31 17.88 19.00
32 17.75 19.00
33 17.75 19.00
34 17.79 19.00
35 17.78 19.00
36 17.80 19.00
37 17.67 19.00
38 17.75 19.00
39 17.94 19.00
40 17.96 19.00
41 18.14 19.00
42 18.17 19.00
43 18.10 19.00
44 18.14 19.00
45 18.13 19.00
46 18.04 19.00
47 18.03 19.00
48 18.13 19.00
49 18.20 19.00
50 18.13 19.00
51 18.20 19.00
52 18.28 19.00
53 18.33 19.00
54 18.35 19.00
55 18.41 19.00
56 18.57 20.00
