0 10.06 15.00
1 10.33 13.00
2 10.68 13.00
3 10.83 13.00
4 10.98 13.00
5 11.26 13.00
6 11.43 13.00
7 11.58 13.00
8 11.79 13.00
9 11.87 13.00
10 11.96 13.00
11 11.82 13.00
12 12.04 13.00
13 12.11 14.00
14 12.16 14.00
15 12.27 14.00
16 12.42 14.00
17 12.29 15.00
18 12.37 15.00
19 12.35 15.00
20 12.44 15.00
21 12.56 15.00
22 12.68 15.00
23 12.72 15.00
24 12.70 15.00
25 12.77 15.00
26 12.67 15.00
27 12.75 15.00
28 12.75 15.00
29 12.72 15.00
30 12.82 15.00
31 12.99 15.00
32 13.01 15.00
33 13.24 14.00
34 13.34 15.00
35 13.34 14.00
36 13.32 14.00
37 13.26 14.00
38 13.34 14.00
39 13.41 14.00
40 13.39 14.00
41 13.39 14.00
42 13.37 14.00
43 13.37 14.00
44 13.41 15.00
45 13.39 15.00
46 13.47 15.00
47 13.38 15.00
48 13.58 15.00
49 13.74 15.00
50 13.77 15.00
51 13.91 15.00
52 14.02 15.00
53 14.10 15.00
54 14.17 15.00
55 14.25 16.00
56 14.24 16.00
57 14.28 16.00
58 14.38 16.00
59 14.40 15.00
60 14.31 16.00
61 14.15 16.00
62 14.33 16.00
63 14.38 16.00
64 14.48 16.00
65 14.46 16.00
66 14.58 16.00
67 14.66 16.00
68 14.67 16.00
69 14.71 16.00
70 14.75 16.00
71 14.78 16.00
72 14.98 16.00
73 15.07 16.00
74 15.21 16.00
75 15.09 16.00
76 15.09 16.00
77 15.06 16.00
78 15.04 16.00
79 15.11 16.00
80 15.27 16.00
81 15.30 16.00
82 15.35 16.00
83 15.37 16.00
84 15.41 16.00
85 15.37 17.00
86 15.44 16.00
87 15.39 16.00
88 15.34 16.00
89 15.43 16.00
90 15.50 16.00
91 15.48 16.00
92 15.47 16.00
93 15.52 16.00
94 15.50 16.00
95 15.55 17.00
96 15.56 17.00
97 15.52 16.00
98 15.59 16.00
99 15.62 16.00
