0 10.93 15.00
1 11.43 15.00
2 11.87 15.00
3 11.78 15.00
4 12.15 15.00
5 12.41 15.00
6 12.30 15.00
7 12.52 15.00
8 12.86 15.00
9 12.77 15.00
10 12.74 15.00
11 12.84 15.00
12 13.15 15.00
13 13.46 15.00
14 13.51 15.00
15 13.45 15.00
16 13.37 15.00
17 13.48 15.00
18 13.45 15.00
19 13.46 15.00
20 13.43 15.00
21 13.54 15.00
22 13.58 16.00
23 13.66 16.00
24 13.70 16.00
25 13.76 16.00
26 13.74 15.00
27 13.78 15.00
28 13.93 15.00
29 14.06 15.00
30 14.03 15.00
31 14.18 16.00
32 14.14 16.00
33 14.31 16.00
34 14.17 16.00
35 14.43 16.00
36 14.53 16.00
37 14.58 16.00
38 14.47 16.00
39 14.47 17.00
40 14.69 17.00
41 14.65 17.00
42 14.65 17.00
43 14.74 17.00
44 14.63 17.00
45 14.62 17.00
46 14.66 17.00
47 14.61 17.00
48 14.79 17.00
49 14.82 17.00
50 14.84 17.00
51 14.93 17.00
52 15.02 17.00
53 14.98 17.00
54 14.95 17.00
55 14.91 17.00
56 15.11 17.00
57 15.11 17.00
58 15.04 17.00
59 15.02 17.00
60 15.09 17.00
61 15.19 17.00
62 15.21 18.00
63 15.30 18.00
64 15.28 18.00
65 15.23 17.00
66 15.20 17.00
67 15.13 17.00
68 15.25 17.00
69 15.49 17.00
70 15.44 17.00
71 15.48 17.00
72 15.57 17.00
73 15.58 17.00
74 15.70 17.00
75 15.60 18.00
76 15.87 18.00
77 15.82 18.00
78 15.78 18.00
79 15.94 18.00
80 16.07 18.00
81 16.15 18.00
82 16.26 18.00
83 16.20 18.00
84 16.28 18.00
85 16.52 18.00
86 16.60 18.00
87 16.64 18.00
88 16.87 18.00
89 16.96 18.00
90 17.02 18.00
91 16.95 18.00
92 16.92 18.00
93 17.13 18.00
94 17.36 18.00
95 17.46 18.00
96 17.23 18.00
97 17.30 18.00
98 17.37 18.00
99 17.30 18.00
