0 10.79 15.00
1 11.19 15.00
2 11.19 15.00
3 11.99 15.00
4 12.49 15.00
5 12.81 15.00
6 12.71 15.00
7 13.13 15.00
8 13.78 15.00
9 14.05 16.00
10 14.08 16.00
11 14.52 16.00
12 14.39 16.00
13 14.47 16.00
14 14.57 16.00
15 14.64 16.00
16 14.64 15.00
17 14.67 15.00
18 14.68 15.00
19 14.70 16.00
20 14.62 16.00
21 14.75 16.00
22 14.92 16.00
23 14.91 16.00
24 14.89 16.00
25 14.87 16.00
26 14.87 16.00
27 14.88 16.00
28 14.88 16.00
29 14.90 16.00
30 14.95 16.00
31 14.91 16.00
32 14.91 16.00
33 14.89 16.00
34 14.88 16.00
35 14.87 16.00
36 14.85 16.00
37 14.87 16.00
38 14.76 16.00
39 14.74 16.00
40 14.68 16.00
41 14.68 16.00
42 14.74 16.00
43 14.77 15.00
44 14.78 16.00
45 14.80 16.00
46 14.74 16.00
47 14.76 16.00
48 14.84 16.00
49 14.80 16.00
50 14.80 15.00
51 14.81 16.00
52 14.82 16.00
53 14.89 16.00
54 14.86 16.00
55 14.85 16.00
56 14.89 16.00
57 14.88 16.00
58 14.91 15.00
59 14.95 15.00
60 14.95 15.00
61 14.88 15.00
62 14.93 16.00
63 14.89 15.00
64 14.87 15.00
65 14.87 16.00
66 14.87 16.00
67 14.83 16.00
68 14.90 16.00
69 14.83 16.00
70 14.85 16.00
71 14.85 16.00
72 14.91 16.00
73 14.89 16.00
74 14.89 16.00
75 14.94 16.00
76 14.96 16.00
77 14.94 16.00
78 15.08 16.00
79 15.16 17.00
80 15.08 16.00
81 15.08 16.00
82 15.14 16.00
83 15.19 16.00
84 15.20 16.00
85 15.24 16.00
86 15.31 16.00
87 15.29 16.00
88 15.30 16.00
89 15.28 16.00
90 15.32 16.00
91 15.28 16.00
92 15.29 16.00
93 15.29 16.00
94 15.31 16.00
95 15.41 16.00
96 15.27 16.00
97 15.36 16.00
98 15.55 17.00
99 15.64 17.00
