0 10.56 14.00
1 10.89 14.00
2 11.29 14.00
3 11.83 14.00
4 11.98 14.00
5 12.00 14.00
6 12.08 14.00
7 12.41 15.00
8 12.90 15.00
9 13.17 15.00
10 13.31 15.00
11 13.31 15.00
12 13.35 15.00
13 13.23 15.00
14 13.29 15.00
15 13.30 14.00
16 13.44 14.00
17 13.29 14.00
18 13.19 14.00
19 13.25 14.00
20 13.20 14.00
21 13.17 14.00
22 13.04 14.00
23 13.15 14.00
24 13.20 14.00
25 13.25 14.00
26 13.21 14.00
27 13.25 15.00
28 13.36 15.00
29 13.46 15.00
30 13.45 15.00
31 13.50 15.00
32 13.64 15.00
33 13.62 15.00
34 13.64 15.00
35 13.77 15.00
36 13.69 15.00
37 13.74 15.00
38 13.87 15.00
39 13.98 15.00
40 13.99 15.00
41 14.02 15.00
42 13.97 15.00
43 13.96 15.00
44 14.00 15.00
45 13.96 15.00
46 14.07 15.00
47 14.17 15.00
48 14.13 15.00
49 14.15 15.00
50 14.10 15.00
51 14.03 15.00
52 14.14 15.00
53 14.13 15.00
54 14.16 15.00
55 14.10 15.00
56 14.19 15.00
57 14.23 15.00
58 14.23 16.00
59 14.29 16.00
60 14.33 15.00
61 14.44 15.00
62 14.55 15.00
63 14.55 15.00
64 14.48 15.00
65 14.63 15.00
66 14.70 15.00
67 14.69 15.00
68 14.77 16.00
69 14.77 16.00
70 14.81 16.00
71 14.85 16.00
72 14.85 16.00
73 14.89 16.00
74 14.96 16.00
75 14.97 16.00
76 15.04 16.00
77 15.02 16.00
78 14.97 16.00
79 15.06 16.00
80 15.08 16.00
81 15.06 16.00
82 15.05 16.00
83 15.04 16.00
84 15.00 16.00
85 15.11 16.00
86 15.06 16.00
87 15.11 16.00
88 15.11 16.00
89 15.07 16.00
90 15.14 16.00
91 15.05 16.00
92 14.98 16.00
93 14.97 16.00
94 14.85 16.00
95 14.85 16.00
96 14.97 16.00
97 15.04 16.00
98 14.95 17.00
99 15.09 16.00
