0 10.26 15.00
1 10.46 15.00
2 11.07 15.00
3 11.45 15.00
4 11.59 15.00
5 11.98 15.00
6 12.49 15.00
7 13.17 15.00
8 13.29 15.00
9 13.49 15.00
10 13.76 15.00
11 13.93 15.00
12 14.09 16.00
13 14.09 16.00
14 14.36 16.00
15 14.53 16.00
16 14.60 16.00
17 14.78 16.00
18 14.96 16.00
19 14.94 15.00
20 14.95 15.00
21 14.96 15.00
22 14.95 15.00
23 14.94 15.00
24 14.92 15.00
25 14.90 16.00
26 14.95 16.00
27 14.92 15.00
28 14.91 15.00
29 14.83 15.00
30 14.86 16.00
31 14.87 16.00
32 14.93 16.00
33 14.91 16.00
34 14.96 16.00
35 14.98 16.00
36 15.00 16.00
37 15.01 16.00
38 14.92 16.00
39 14.93 16.00
40 14.95 16.00
41 14.94 16.00
42 14.96 16.00
43 14.97 16.00
44 14.98 16.00
45 14.97 16.00
46 15.01 16.00
47 15.02 16.00
48 15.01 16.00
49 15.04 16.00
50 14.98 16.00
51 14.97 16.00
52 15.00 16.00
53 15.08 16.00
54 15.09 16.00
55 15.07 16.00
56 15.04 16.00
57 15.04 16.00
58 15.00 16.00
59 15.05 16.00
60 15.00 16.00
61 15.01 16.00
62 14.98 16.00
63 15.01 16.00
64 14.99 16.00
65 15.00 16.00
66 15.00 16.00
67 14.97 16.00
68 14.94 16.00
69 14.92 16.00
70 15.03 16.00
71 15.07 16.00
72 15.12 16.00
73 15.09 16.00
74 15.12 16.00
75 15.12 16.00
76 15.08 16.00
77 15.11 16.00
78 15.16 16.00
79 15.13 16.00
80 15.23 16.00
81 15.17 16.00
82 15.17 16.00
83 15.25 16.00
84 15.20 16.00
85 15.24 16.00
86 15.23 17.00
87 15.23 17.00
88 15.25 17.00
89 15.30 17.00
90 15.18 17.00
91 15.14 17.00
92 15.00 17.00
93 15.12 17.00
94 15.15 17.00
95 15.22 17.00
96 15.32 17.00
97 15.40 17.00
98 15.54 17.00
99 15.51 17.00
