0 10.97 15.00
1 11.55 15.00
2 11.86 15.00
3 11.97 15.00
4 12.07 15.00
5 12.38 15.00
6 12.71 15.00
7 12.84 15.00
8 13.21 15.00
9 13.40 15.00
10 13.27 15.00
11 13.38 15.00
12 13.78 15.00
13 13.77 15.00
14 13.88 15.00
15 13.94 15.00
16 13.98 15.00
17 14.18 15.00
18 14.22 15.00
19 14.34 15.00
20 14.37 15.00
21 14.33 15.00
22 14.30 16.00
23 14.32 16.00
24 14.27 15.00
25 14.17 15.00
26 14.04 15.00
27 14.17 15.00
28 14.28 16.00
29 14.29 16.00
30 14.39 16.00
31 14.41 16.00
32 14.57 16.00
33 14.53 16.00
34 14.63 16.00
35 14.68 16.00
36 14.70 16.00
37 14.80 16.00
38 14.81 16.00
39 14.84 16.00
40 14.81 16.00
41 14.79 16.00
42 14.86 16.00
43 14.87 16.00
44 14.92 16.00
45 14.99 16.00
46 14.96 17.00
47 14.97 17.00
48 14.99 17.00
49 15.03 17.00
50 15.05 17.00
51 15.12 17.00
52 15.03 17.00
53 14.97 17.00
54 15.01 17.00
55 14.87 17.00
56 14.97 17.00
57 15.00 17.00
58 15.05 18.00
59 15.30 18.00
60 15.11 17.00
61 15.11 17.00
62 15.13 18.00
63 15.13 17.00
64 15.02 17.00
65 15.03 17.00
66 15.02 18.00
67 15.00 18.00
68 15.14 18.00
69 15.33 18.00
70 15.65 17.00
71 15.65 17.00
72 15.73 17.00
73 16.01 18.00
74 16.00 18.00
75 15.84 18.00
76 16.02 17.00
77 15.97 17.00
78 16.07 17.00
79 16.19 17.00
80 16.20 17.00
81 16.25 17.00
82 16.29 17.00
83 16.40 17.00
84 16.46 17.00
85 16.49 17.00
86 16.51 17.00
87 16.48 17.00
88 16.53 17.00
89 16.54 17.00
90 16.55 17.00
91 16.56 17.00
92 16.60 17.00
93 16.59 18.00
94 16.56 17.00
95 16.64 18.00
96 16.71 18.00
97 16.70 18.00
98 16.70 18.00
99 16.72 18.00
