0 10.30 14.00
1 10.72 14.00
2 10.95 14.00
3 10.92 14.00
4 11.10 14.00
5 11.40 15.00
6 11.61 15.00
7 11.60 15.00
8 11.97 15.00
9 12.21 14.00
10 12.19 14.00
11 12.41 14.00
12 12.41 14.00
13 12.43 14.00
14 12.75 14.00
15 12.96 14.00
16 12.93 14.00
17 13.03 15.00
18 13.12 14.00
19 13.29 15.00
20 13.44 15.00
21 13.49 15.00
22 13.50 15.00
23 13.70 15.00
24 13.68 15.00
25 13.68 15.00
26 13.75 15.00
27 13.82 15.00
28 13.81 15.00
29 13.78 15.00
30 13.69 15.00
31 13.87 15.00
32 13.91 15.00
33 13.93 15.00
34 13.94 15.00
35 13.78 16.00
36 13.93 16.00
37 13.91 16.00
38 13.89 16.00
39 13.96 16.00
40 13.96 16.00
41 14.04 16.00
42 14.12 16.00
43 14.11 16.00
44 14.08 16.00
45 14.22 17.00
46 14.28 17.00
47 14.38 17.00
48 14.50 17.00
49 14.74 17.00
50 15.01 17.00
51 15.07 17.00
52 15.08 17.00
53 15.16 17.00
54 15.32 17.00
55 15.43 17.00
56 15.51 17.00
57 15.53 17.00
58 15.44 17.00
59 15.50 17.00
60 15.40 17.00
61 15.58 18.00
62 15.58 18.00
63 15.61 18.00
64 15.62 18.00
65 15.54 18.00
66 15.55 18.00
67 15.63 17.00
68 15.72 17.00
69 15.64 17.00
70 15.62 17.00
71 15.46 17.00
72 15.45 17.00
73 15.41 17.00
74 15.49 17.00
75 15.54 17.00
76 15.54 17.00
77 15.59 17.00
78 15.62 16.00
79 15.67 17.00
80 15.75 17.00
81 15.66 16.00
82 15.72 16.00
83 15.77 17.00
84 15.89 17.00
85 15.94 17.00
86 15.87 17.00
87 15.83 17.00
88 15.84 17.00
89 15.85 17.00
90 16.02 17.00
91 15.96 17.00
92 15.95 18.00
93 15.91 18.00
94 15.87 18.00
95 15.81 17.00
96 15.82 17.00
97 15.81 17.00
98 15.79 17.00
99 15.88 17.00
