0 10.58 16.00
1 10.62 16.00
2 11.14 16.00
3 11.70 16.00
4 12.59 16.00
5 13.08 16.00
6 13.22 16.00
7 13.47 16.00
8 13.68 17.00
9 13.73 17.00
10 13.70 17.00
11 13.72 17.00
12 14.05 17.00
13 14.25 17.00
14 14.13 17.00
15 14.38 16.00
16 14.65 16.00
17 14.63 16.00
18 14.54 16.00
19 14.48 16.00
20 14.51 16.00
21 14.62 16.00
22 14.83 16.00
23 15.04 16.00
24 15.17 16.00
25 15.10 16.00
26 14.98 16.00
27 15.15 16.00
28 15.33 16.00
29 15.30 16.00
30 15.40 16.00
31 15.45 17.00
32 15.38 17.00
33 15.37 17.00
34 15.40 17.00
35 15.46 17.00
36 15.61 17.00
37 15.61 17.00
38 15.64 17.00
39 15.63 17.00
40 15.61 17.00
41 15.70 17.00
42 15.64 17.00
43 15.57 17.00
44 15.66 17.00
45 15.69 17.00
46 15.69 17.00
47 15.71 17.00
48 15.53 17.00
49 15.57 17.00
50 15.49 17.00
51 15.55 17.00
52 15.58 17.00
53 15.62 18.00
54 15.65 17.00
55 15.61 17.00
56 15.64 17.00
57 15.68 17.00
58 15.68 17.00
59 15.69 16.00
60 15.73 17.00
61 15.71 17.00
62 15.78 17.00
63 15.75 17.00
64 15.82 17.00
65 15.67 17.00
66 15.62 17.00
67 15.60 17.00
68 15.63 17.00
69 15.70 17.00
70 15.61 17.00
71 15.66 17.00
72 15.73 17.00
73 15.80 17.00
74 15.81 17.00
75 15.85 17.00
76 15.86 17.00
77 15.85 17.00
78 15.78 17.00
79 15.77 17.00
80 15.79 18.00
81 15.88 18.00
82 15.95 18.00
83 15.96 18.00
84 16.01 18.00
85 16.07 18.00
86 16.25 18.00
87 16.16 18.00
88 16.18 18.00
89 16.19 18.00
90 16.53 18.00
91 16.56 18.00
92 16.76 18.00
93 16.84 18.00
94 16.89 18.00
95 16.89 18.00
96 16.85 18.00
97 16.96 18.00
98 17.00 18.00
99 17.01 18.00
