0 10.09 14.00
1 10.86 14.00
2 11.43 15.00
3 12.09 15.00
4 12.50 14.00
5 12.77 15.00
6 13.01 15.00
7 13.09 15.00
8 13.15 15.00
9 13.32 15.00
10 13.46 15.00
11 13.47 15.00
12 13.46 15.00
13 13.37 15.00
14 13.52 15.00
15 13.55 15.00
16 13.64 15.00
17 13.62 14.00
18 13.52 14.00
19 13.60 15.00
20 13.65 14.00
21 13.65 15.00
22 13.67 15.00
23 13.73 15.00
24 13.78 15.00
25 13.71 15.00
26 13.67 15.00
27 13.66 15.00
28 13.61 15.00
29 13.66 15.00
30 13.74 15.00
31 13.74 15.00
32 13.70 15.00
33 13.80 15.00
34 13.82 15.00
35 13.78 15.00
36 13.82 15.00
37 13.81 16.00
38 13.88 16.00
39 13.97 16.00
40 13.90 16.00
41 13.90 15.00
42 13.93 15.00
43 13.93 15.00
44 13.90 15.00
45 13.88 15.00
46 13.95 15.00
47 13.97 15.00
48 13.99 16.00
49 13.92 16.00
50 13.85 16.00
51 13.92 16.00
52 13.95 16.00
53 13.89 15.00
54 13.97 15.00
55 13.94 15.00
56 13.97 15.00
57 14.02 15.00
58 14.08 15.00
59 14.06 15.00
60 14.05 15.00
61 13.85 15.00
62 13.95 15.00
63 13.95 15.00
64 13.88 15.00
65 13.88 15.00
66 13.87 15.00
67 13.89 15.00
68 13.94 15.00
69 13.89 15.00
70 13.87 15.00
71 13.91 15.00
72 14.02 15.00
73 14.13 15.00
74 14.16 16.00
75 14.16 16.00
76 14.38 16.00
77 14.32 16.00
78 14.33 16.00
79 14.24 16.00
80 14.14 16.00
81 14.47 16.00
82 14.62 16.00
83 14.80 16.00
84 14.88 16.00
85 14.85 16.00
86 14.77 16.00
87 14.93 16.00
88 15.09 16.00
89 15.10 16.00
90 15.28 16.00
91 15.22 16.00
92 15.16 16.00
93 15.14 16.00
94 15.22 17.00
95 15.39 17.00
96 15.46 17.00
97 15.50 17.00
98 15.45 17.00
99 15.65 17.00
