0 10.18 16.00
1 10.24 16.00
2 10.84 16.00
3 11.08 14.00
4 11.57 14.00
5 11.77 14.00
6 12.00 14.00
7 11.82 14.00
8 12.14 14.00
9 12.14 14.00
10 12.36 14.00
11 12.36 14.00
12 12.54 15.00
13 12.88 15.00
14 13.18 15.00
15 13.21 15.00
16 13.64 15.00
17 13.68 15.00
18 13.86 15.00
19 13.91 15.00
20 13.93 15.00
21 14.03 15.00
22 14.05 15.00
23 14.05 15.00
24 14.15 15.00
25 14.17 16.00
26 14.24 16.00
27 14.30 16.00
28 14.43 16.00
29 14.46 16.00
30 14.58 16.00
31 14.65 16.00
32 14.58 17.00
33 14.47 16.00
34 14.67 17.00
35 14.67 17.00
36 14.62 16.00
37 14.79 16.00
38 14.93 16.00
39 14.90 16.00
40 14.91 16.00
41 14.87 16.00
42 15.02 16.00
43 15.09 16.00
44 15.32 17.00
45 15.33 16.00
46 15.41 16.00
47 15.46 17.00
48 15.43 16.00
49 15.41 17.00
50 15.40 17.00
51 15.39 17.00
52 15.29 17.00
53 15.29 17.00
54 15.30 16.00
55 15.28 16.00
56 15.28 16.00
57 15.20 16.00
58 15.15 16.00
59 15.19 16.00
60 15.22 16.00
61 15.19 16.00
62 15.17 16.00
63 15.24 16.00
64 15.23 18.00
65 15.18 18.00
66 15.07 16.00
67 14.97 16.00
68 15.08 17.00
69 15.07 17.00
70 15.10 17.00
71 15.16 17.00
72 15.13 17.00
73 15.30 17.00
74 15.37 17.00
75 15.30 17.00
76 15.27 17.00
77 15.32 17.00
78 15.31 17.00
79 15.33 17.00
80 15.43 17.00
81 15.68 17.00
82 15.57 17.00
83 15.49 17.00
84 15.63 17.00
85 15.78 17.00
86 15.83 17.00
87 15.95 17.00
88 15.88 17.00
89 15.92 17.00
90 16.10 18.00
91 15.97 17.00
92 16.18 18.00
93 16.24 18.00
94 16.20 18.00
95 16.20 18.00
96 16.24 18.00
97 16.30 18.00
98 16.43 18.00
99 16.34 18.00
