0 10.20 16.00
1 10.24 16.00
2 10.79 16.00
3 11.12 16.00
4 11.41 16.00
5 11.73 16.00
6 12.09 16.00
7 12.51 16.00
8 12.79 16.00
9 13.00 16.00
10 13.01 16.00
11 13.27 16.00
12 13.58 16.00
13 13.82 16.00
14 13.76 16.00
15 13.85 16.00
16 14.09 16.00
17 14.47 16.00
18 14.63 16.00
19 14.94 16.00
20 15.07 16.00
21 15.02 16.00
22 15.02 16.00
23 15.11 16.00
24 15.31 16.00
25 15.43 16.00
26 15.35 16.00
27 15.56 17.00
28 15.46 16.00
29 15.58 16.00
30 15.59 16.00
31 15.57 16.00
32 15.57 17.00
33 15.60 17.00
34 15.83 17.00
35 15.85 17.00
36 15.86 17.00
37 15.86 17.00
38 15.81 17.00
39 15.92 17.00
40 15.86 17.00
41 15.87 17.00
42 15.86 17.00
43 15.84 17.00
44 15.88 17.00
45 15.86 17.00
46 15.92 17.00
47 15.91 17.00
48 15.93 17.00
49 15.91 17.00
50 15.79 17.00
51 15.81 17.00
52 15.82 17.00
53 15.90 17.00
54 15.89 17.00
55 15.83 16.00
56 15.81 16.00
57 15.87 16.00
58 15.90 16.00
59 15.87 17.00
60 15.86 17.00
61 15.84 17.00
62 15.89 17.00
63 15.96 17.00
64 16.00 17.00
65 15.96 17.00
66 15.93 17.00
67 15.90 17.00
68 15.97 17.00
69 15.92 17.00
70 15.92 17.00
71 15.94 17.00
72 15.97 17.00
73 15.86 17.00
74 15.86 17.00
75 15.91 17.00
76 16.00 17.00
77 15.95 17.00
78 15.97 17.00
79 16.05 17.00
80 16.19 17.00
81 16.24 17.00
82 16.20 17.00
83 16.18 17.00
84 16.07 17.00
85 16.05 17.00
86 16.18 18.00
87 16.29 17.00
88 16.30 17.00
89 16.26 18.00
90 16.34 18.00
91 16.37 18.00
92 16.33 18.00
93 16.29 18.00
94 16.34 18.00
95 16.40 18.00
96 16.46 18.00
97 16.50 18.00
98 16.51 18.00
99 16.53 18.00
